1760022271904 0.00332579185520362 0
1760022483083 0.006637150075414782 1
1760022685948 0.009926508295625943 2
1760022888498 0.009901 3
1760023091084 0.009868 4
1760023293466 0.009835 5
1760023495707 0.009802 6
1760023697973 0.009769 7
1760023900029 0.009736 8
1760024102216 0.009703 9
1760024304313 0.00967 10
1760024506352 0.009637 11
1760024708543 0.009604 12
1760024910735 0.009571 13
1760025113007 0.009538 14
1760025315180 0.009505 15
1760025517395 0.009472000000000001 16
1760025719493 0.009439000000000001 17
1760025921759 0.009406 18
1760026123962 0.009373000000000001 19
1760026326062 0.009340000000000001 20
1760026528316 0.009307 21
1760026730370 0.009274000000000001 22
1760026932716 0.009241000000000001 23
1760027134773 0.009208000000000001 24
1760027336753 0.009175 25
1760027538903 0.009142 26
1760027741015 0.009109 27
1760027943075 0.009075999999999999 28
1760028145043 0.009043 29
1760028347296 0.00901 30
1760028549475 0.008977 31
1760028751842 0.008944 32
1760028954047 0.008911 33
1760029156246 0.008878 34
1760029358578 0.008845 35
1760029560715 0.008812 36
1760029762803 0.008779 37
1760029965118 0.008746 38
1760030167334 0.008713 39
1760030369451 0.00868 40
1760030571543 0.008647 41
1760030773607 0.008614 42
1760030975783 0.008581 43
1760031177820 0.008547999999999998 44
1760031379971 0.008515 45
1760031581966 0.008482000000000002 46
1760031784007 0.008449 47
1760031986146 0.008416 48
1760032188245 0.008383 49
1760032390366 0.008350000000000002 50
1760032592594 0.008317 51
1760032794747 0.008284 52
1760032996898 0.008251000000000001 53
1760033199118 0.008218000000000001 54
1760033401101 0.008185 55
1760033603124 0.008152000000000001 56
1760033805156 0.008119000000000001 57
1760034007212 0.008086 58
1760034209375 0.008053000000000001 59
1760034411501 0.008020000000000001 60
1760034613829 0.007987 61
1760034816366 0.007954 62
1760035018376 0.007921000000000001 63
1760035220449 0.007888 64
1760035422749 0.007855 65
1760035624985 0.007822 66
1760035827175 0.007788999999999999 67
1760036029299 0.007756 68
1760036231267 0.007723 69
1760036433489 0.007689999999999999 70
1760036635540 0.007657 71
1760036837573 0.007624 72
1760037039570 0.007590999999999999 73
1760037241450 0.007558 74
1760037443357 0.007525 75
1760037645512 0.0074919999999999995 76
1760037847404 0.007459000000000001 77
1760038049318 0.007426 78
1760038251234 0.007393000000000001 79
1760038453198 0.007360000000000001 80
1760038655379 0.007327 81
1760038857261 0.007294000000000001 82
1760039059519 0.007261000000000001 83
1760039261697 0.007228 84
1760039463742 0.007195 85
1760039665843 0.007162000000000001 86
1760039867862 0.007129 87
1760040069793 0.007096 88
1760040271952 0.007063000000000001 89
1760040473880 0.00703 90
1760040675850 0.006997 91
1760040878065 0.006964000000000001 92
1760041080050 0.006931 93
1760041282210 0.006898 94
1760041484237 0.0068650000000000004 95
1760041686307 0.0068319999999999995 96
1760041888404 0.006799 97
1760042090548 0.006766 98
1760042292556 0.006732999999999999 99
1760042494574 0.0067 100
1760042696610 0.006666999999999999 101
1760042898874 0.006633999999999999 102
1760043101065 0.006601 103
1760043303005 0.006567999999999999 104
1760043505078 0.006535 105
1760043706992 0.006502000000000001 106
1760043908962 0.006469000000000001 107
1760044110980 0.006436000000000001 108
1760044312839 0.006403000000000001 109
1760044514886 0.006370000000000001 110
1760044717024 0.006337000000000001 111
1760044918966 0.006304000000000001 112
1760045121073 0.006271 113
1760045323143 0.0062380000000000005 114
1760045525245 0.0062050000000000004 115
1760045727324 0.0061719999999999995 116
1760045929262 0.006139 117
1760046131314 0.006106 118
1760046333303 0.006072999999999999 119
1760046535151 0.00604 120
1760046737249 0.006007 121
1760046939287 0.005973999999999999 122
1760047141178 0.005941000000000001 123
1760047343040 0.005908 124
1760047545060 0.005874999999999999 125
1760047746947 0.005842000000000001 126
1760047948878 0.005809 127
1760048150654 0.005775999999999999 128
1760048352674 0.005743000000000001 129
1760048554783 0.00571 130
1760048756684 0.005677 131
1760048958643 0.005644000000000001 132
1760049160600 0.005611 133
1760049362467 0.005578 134
1760049564648 0.0055450000000000004 135
1760049766540 0.005512 136
1760049968576 0.005479 137
1760050170451 0.005446000000000001 138
1760050372180 0.005413 139
1760050574024 0.00538 140
1760050776000 0.005347000000000001 141
1760050977931 0.005314 142
1760051179927 0.005281 143
1760051381825 0.005248000000000001 144
1760051583777 0.005215 145
1760051785935 0.005182 146
1760051987943 0.005149 147
1760052189902 0.005116 148
1760052391932 0.005083000000000001 149
1760052593983 0.00505 150
1760052795922 0.005017000000000001 151
1760052997962 0.004984 152
1760053199925 0.004951 153
1760053401854 0.0049180000000000005 154
1760053603655 0.004885 155
1760053805745 0.0048519999999999995 156
1760054007841 0.004819 157
1760054209790 0.004786000000000001 158
1760054411901 0.004753 159
1760054613903 0.00472 160
1760054815851 0.004687000000000001 161
1760055017817 0.004654 162
1760055219745 0.004621 163
1760055421740 0.004588000000000001 164
1760055623555 0.004555 165
1760055825430 0.004522 166
1760056027425 0.004489 167
1760056229283 0.004456 168
1760056431107 0.004423 169
1760056633089 0.00439 170
1760056835018 0.004357000000000001 171
1760057037003 0.004324 172
1760057238940 0.0042910000000000005 173
1760057440662 0.0042580000000000005 174
1760057642524 0.004225 175
1760057844284 0.004192 176
1760058046136 0.004159 177
1760058248068 0.0041259999999999995 178
1760058450097 0.004093 179
1760058652063 0.00406 180
1760058854114 0.004026999999999999 181
1760059056184 0.003994 182
1760059258032 0.003961 183
1760059459904 0.003928 184
1760059661789 0.0038949999999999996 185
1760059863491 0.003862 186
1760060065502 0.0038290000000000004 187
1760060267355 0.003796 188
1760060469291 0.0037630000000000003 189
1760060671172 0.0037300000000000007 190
1760060873017 0.0036969999999999998 191
1760061074814 0.003664 192
1760061276951 0.0036310000000000005 193
1760061478809 0.0035980000000000005 194
1760061680864 0.003565 195
1760061882789 0.0035320000000000004 196
1760062084784 0.0034990000000000004 197
1760062286593 0.003466 198
1760062488518 0.003433 199
1760062690617 0.0034000000000000002 200
1760062892599 0.0033669999999999993 201
1760063094452 0.0033339999999999997 202
1760063296485 0.0033010000000000005 203
1760063498424 0.003268 204
1760063700241 0.003235 205
1760063902275 0.0032020000000000004 206
1760064104131 0.003169000000000001 207
1760064305983 0.003136 208
1760064507916 0.0031030000000000003 209
1760064709748 0.0030700000000000007 210
1760064911475 0.0030369999999999998 211
