1759997278593 1.34085 0
1759997491142 1.3552 1
1759997693805 1.31755 2
1759997895912 1.27361 3
1759998098082 1.23945 4
1759998300206 1.22752 5
1759998502230 1.21832 6
1759998704112 1.18901 7
1759998906173 1.18797 8
1759999108514 1.16937 9
1759999310483 1.16175 10
1759999512308 1.16097 11
1759999714247 1.14041 12
1759999916018 1.1405 13
1760000117857 1.14223 14
1760000319771 1.12585 15
1760001796118 1.12562 16
1760001997639 1.12928 17
1760002199532 1.10598 18
1760002401375 1.10921 19
1760002603041 1.11696 20
1760002804717 1.10353 21
1760003006390 1.09642 22
1760003208248 1.08919 23
1760003410546 1.08372 24
1760003612315 1.07527 25
1760003813911 1.07402 26
1760004015644 1.06845 27
1760004217118 1.05838 28
1760004418521 1.05716 29
1760004620150 1.05159 30
1760004822291 1.04997 31
1760005024228 1.04671 32
1760005225795 1.04413 33
1760005427491 1.04678 34
1760005629151 1.03035 35
1760005830577 1.03052 36
1760006031938 1.02935 37
1760006233200 1.02212 38
1760006434561 1.01007 39
1760006635968 1.01362 40
1760006837135 1.01584 41
1760007038086 1.00023 42
1760007239047 0.99567 43
1760007440173 0.98732 44
1760007641310 0.98251 45
1760007842457 0.97816 46
1760008043410 0.97361 47
1760008244426 0.966 48
1760008445827 0.961 49
