1759997278593 1.00763 0
1759997491142 0.8789 1
1759997693805 0.82359 2
1759997895912 0.77315 3
1759998098082 0.72591 4
1759998300206 0.69116 5
1759998502230 0.6734 6
1759998704112 0.65051 7
1759998906173 0.62914 8
1759999108514 0.61283 9
1759999310483 0.60683 10
1759999512308 0.59527 11
1759999714247 0.57919 12
1759999916018 0.5772 13
1760000117857 0.56642 14
1760000319771 0.55774 15
1760001796118 0.55337 16
1760001997639 0.55414 17
1760002199532 0.53739 18
1760002401375 0.53408 19
1760002603041 0.53443 20
1760002804717 0.52954 21
1760003006390 0.52041 22
1760003208248 0.50807 23
1760003410546 0.50634 24
1760003612315 0.50132 25
1760003813911 0.48982 26
1760004015644 0.49372 27
1760004217118 0.4871 28
1760004418521 0.48017 29
1760004620150 0.47261 30
1760004822291 0.47018 31
1760005024228 0.46897 32
1760005225795 0.46649 33
1760005427491 0.46709 34
1760005629151 0.45389 35
1760005830577 0.45301 36
1760006031938 0.44922 37
1760006233200 0.44559 38
1760006434561 0.44017 39
1760006635968 0.39948 40
1760006837135 0.39646 41
1760007038086 0.38851 42
1760007239047 0.387 43
1760007440173 0.38203 44
1760007641310 0.37627 45
1760007842457 0.37403 46
1760008043410 0.36953 47
1760008244426 0.36553 48
1760008445827 0.36158 49
