1759997278593 1.22757 0
1759997491142 1.25104 1
1759997693805 1.22521 2
1759997895912 1.20037 3
1759998098082 1.18 4
1759998300206 1.17666 5
1759998502230 1.17607 6
1759998704112 1.16071 7
1759998906173 1.15014 8
1759999108514 1.1376 9
1759999310483 1.14091 10
1759999512308 1.13059 11
1759999714247 1.12453 12
1759999916018 1.12233 13
1760000117857 1.1251 14
1760000319771 1.11216 15
1760001796118 1.11323 16
1760001997639 1.11098 17
1760002199532 1.09386 18
1760002401375 1.10011 19
1760002603041 1.1119 20
1760002804717 1.10164 21
1760003006390 1.09819 22
1760003208248 1.09154 23
1760003410546 1.08655 24
1760003612315 1.07792 25
1760003813911 1.08334 26
1760004015644 1.07691 27
1760004217118 1.07694 28
1760004418521 1.0735 29
1760004620150 1.07067 30
1760004822291 1.06407 31
1760005024228 1.07051 32
1760005225795 1.06744 33
1760005427491 1.06041 34
1760005629151 1.05782 35
1760005830577 1.06352 36
1760006031938 1.06284 37
1760006233200 1.04994 38
1760006434561 1.05006 39
1760006635968 1.06025 40
1760006837135 1.05825 41
1760007038086 1.04955 42
1760007239047 1.0476 43
1760007440173 1.04238 44
1760007641310 1.04371 45
1760007842457 1.03933 46
1760008043410 1.03639 47
1760008244426 1.03446 48
1760008445827 1.03013 49
