1759997278593 0.000665158371040724 0
1759997491142 0.0013054549019607844 1
1759997693805 0.0019193514328808446 2
1759997895912 0.0018812 3
1759998098082 0.0018416 4
1759998300206 0.001802 5
1759998502230 0.0017624 6
1759998704112 0.0017228 7
1759998906173 0.0016832000000000001 8
1759999108514 0.0016436000000000003 9
1759999310483 0.0016040000000000002 10
1759999512308 0.0015644 11
1759999714247 0.0015248 12
1759999916018 0.0014852 13
1760000117857 0.0014456 14
1760000319771 0.001406 15
1760001796118 0.0013663999999999998 16
1760001997639 0.0013267999999999997 17
1760002199532 0.0012872 18
1760002401375 0.0012476 19
1760002603041 0.001208 20
1760002804717 0.0011684000000000002 21
1760003006390 0.0011288000000000001 22
1760003208248 0.0010892000000000002 23
1760003410546 0.0010496000000000001 24
1760003612315 0.00101 25
1760003813911 0.0009704 26
1760004015644 0.0009308 27
1760004217118 0.0008911999999999999 28
1760004418521 0.0008516000000000001 29
1760004620150 0.0008120000000000001 30
1760004822291 0.0007724 31
1760005024228 0.0007328 32
1760005225795 0.0006931999999999999 33
1760005427491 0.0006536 34
1760005629151 0.0006140000000000001 35
1760005830577 0.0005744000000000001 36
1760006031938 0.0005348000000000001 37
1760006233200 0.0004952 38
1760006434561 0.00045559999999999996 39
1760006635968 0.0004159999999999999 40
1760006837135 0.00037640000000000015 41
1760007038086 0.0003368000000000001 42
1760007239047 0.0002972 43
1760007440173 0.00025760000000000003 44
1760007641310 0.00021799999999999996 45
1760007842457 0.00017839999999999992 46
1760008043410 0.0001388000000000001 47
1760008244426 9.920000000000008e-05 48
1760008445827 5.9600000000000046e-05 49
