1760073335885 0.62755 0
1760073538619 0.60482 1
1760073741295 0.47194 2
1760073943801 0.57556 3
1760074145876 0.58984 4
1760074347765 0.61792 5
1760074549915 0.61917 6
1760074752036 0.63277 7
1760074954415 0.63836 8
1760075157939 0.63745 9
1760075360593 0.65184 10
1760075563510 0.65673 11
1760075766378 0.64943 12
1760075969325 0.66579 13
1760076172132 0.67508 14
1760076375130 0.66744 15
1760076592581 0.68078 16
1760076865861 0.66211 17
1760077085883 0.66754 18
1760077287987 0.67803 19
1760077490730 0.66988 20
1760077692800 0.67729 21
1760077894924 0.68451 22
1760078097024 0.68787 23
1760078298938 0.67591 24
1760078508183 0.69258 25
1760078775354 0.6902 26
1760078978818 0.6892 27
1760079182835 0.68418 28
1760079386209 0.70355 29
1760079588264 0.69564 30
1760079791471 0.69702 31
1760079994882 0.69949 32
1760080198655 0.69886 33
1760080400998 0.70251 34
1760080604830 0.70917 35
1760080807016 0.70089 36
1760081009020 0.70885 37
1760081214663 0.70393 38
1760081415449 0.7079 39
1760081616001 0.70472 40
1760081816454 0.70498 41
1760082017122 0.70584 42
1760082217790 0.71253 43
1760082421071 0.71252 44
1760082625558 0.71232 45
1760082826797 0.70754 46
1760083030115 0.71615 47
1760083230560 0.71534 48
1760083431145 0.71417 49
1760083635940 0.7183 50
1760083838342 0.71853 51
1760084043357 0.71654 52
1760084245537 0.7198 53
1760084448039 0.72092 54
1760084650359 0.72391 55
1760084852514 0.72186 56
1760085055597 0.72156 57
1760085257979 0.72378 58
1760085460307 0.72218 59
1760085662616 0.7226 60
1760085864832 0.72355 61
1760086066924 0.72185 62
1760086269165 0.72301 63
1760086471393 0.72341 64
1760086673590 0.72524 65
1760086875581 0.72481 66
1760087077578 0.72433 67
1760087279715 0.72722 68
1760087481709 0.72688 69
1760087683484 0.72445 70
1760087885376 0.72192 71
1760088087357 0.724 72
1760088289167 0.7258 73
1760088491314 0.72639 74
1760088693260 0.72548 75
1760088895177 0.72364 76
1760089097110 0.72488 77
1760089298931 0.72361 78
1760089500787 0.72515 79
1760089702712 0.72517 80
1760089904401 0.72606 81
1760090106368 0.72405 82
1760090308094 0.72281 83
1760090509853 0.72535 84
1760090711663 0.72185 85
1760090913498 0.72125 86
1760091115493 0.72219 87
1760091317835 0.72141 88
1760091519933 0.72236 89
1760091722305 0.7235 90
1760091924126 0.72374 91
1760092125904 0.72218 92
1760092327675 0.7236 93
1760092529652 0.7225 94
1760092731496 0.72222 95
1760092933303 0.7218 96
1760093135163 0.72238 97
1760093336797 0.72249 98
1760093538469 0.72169 99
1760093553380 0.726837714695678 99
