1760073335885 0.94243 0
1760073538619 0.94203 1
1760073741295 0.78738 2
1760073943801 0.90496 3
1760074145876 0.91375 4
1760074347765 0.93478 5
1760074549915 0.92989 6
1760074752036 0.94392 7
1760074954415 0.94903 8
1760075157939 0.94875 9
1760075360593 0.9584 10
1760075563510 0.95389 11
1760075766378 0.95311 12
1760075969325 0.95721 13
1760076172132 0.96354 14
1760076375130 0.9579 15
1760076592581 0.96099 16
1760076865861 0.95229 17
1760077085883 0.96124 18
1760077287987 0.9627 19
1760077490730 0.96059 20
1760077692800 0.96515 21
1760077894924 0.96766 22
1760078097024 0.96692 23
1760078298938 0.9657 24
1760078508183 0.97178 25
1760078775354 0.96951 26
1760078978818 0.96841 27
1760079182835 0.96995 28
1760079386209 0.9757 29
1760079588264 0.9718 30
1760079791471 0.97306 31
1760079994882 0.96959 32
1760080198655 0.97168 33
1760080400998 0.97386 34
1760080604830 0.97585 35
1760080807016 0.97226 36
1760081009020 0.97407 37
1760081214663 0.97506 38
1760081415449 0.97448 39
1760081616001 0.97437 40
1760081816454 0.97516 41
1760082017122 0.97545 42
1760082217790 0.97768 43
1760082421071 0.97777 44
1760082625558 0.977 45
1760082826797 0.97539 46
1760083030115 0.97721 47
1760083230560 0.97789 48
1760083431145 0.97757 49
1760083635940 0.97783 50
1760083838342 0.97513 51
1760084043357 0.97831 52
1760084245537 0.97833 53
1760084448039 0.97738 54
1760084650359 0.97858 55
1760084852514 0.97965 56
1760085055597 0.97918 57
1760085257979 0.97944 58
1760085460307 0.97788 59
1760085662616 0.97862 60
1760085864832 0.97978 61
1760086066924 0.97929 62
1760086269165 0.97914 63
1760086471393 0.97973 64
1760086673590 0.97949 65
1760086875581 0.9788 66
1760087077578 0.9785 67
1760087279715 0.97973 68
1760087481709 0.9778 69
1760087683484 0.97878 70
1760087885376 0.97836 71
1760088087357 0.97937 72
1760088289167 0.97997 73
1760088491314 0.98002 74
1760088693260 0.97721 75
1760088895177 0.97628 76
1760089097110 0.97931 77
1760089298931 0.97901 78
1760089500787 0.97736 79
1760089702712 0.97791 80
1760089904401 0.97841 81
1760090106368 0.97791 82
1760090308094 0.97772 83
1760090509853 0.97952 84
1760090711663 0.97831 85
1760090913498 0.97775 86
1760091115493 0.97674 87
1760091317835 0.97729 88
1760091519933 0.97787 89
1760091722305 0.97753 90
1760091924126 0.97643 91
1760092125904 0.97612 92
1760092327675 0.97628 93
1760092529652 0.97592 94
1760092731496 0.97614 95
1760092933303 0.97755 96
1760093135163 0.97779 97
1760093336797 0.97797 98
1760093538469 0.97797 99
1760093553380 0.9797319690047923 99
