1760073335885 0.9518 0
1760073538619 0.94987 1
1760073741295 0.86226 2
1760073943801 0.90929 3
1760074145876 0.94421 4
1760074347765 0.94667 5
1760074549915 0.95079 6
1760074752036 0.96798 7
1760074954415 0.96477 8
1760075157939 0.97233 9
1760075360593 0.9579 10
1760075563510 0.96648 11
1760075766378 0.97422 12
1760075969325 0.97791 13
1760076172132 0.98057 14
1760076375130 0.97348 15
1760076592581 0.97374 16
1760076865861 0.97896 17
1760077085883 0.97971 18
1760077287987 0.96845 19
1760077490730 0.98171 20
1760077692800 0.97883 21
1760077894924 0.97631 22
1760078097024 0.98017 23
1760078298938 0.96711 24
1760078508183 0.98376 25
1760078775354 0.98043 26
1760078978818 0.98414 27
1760079182835 0.98622 28
1760079386209 0.98414 29
1760079588264 0.98517 30
1760079791471 0.98097 31
1760079994882 0.97744 32
1760080198655 0.98958 33
1760080400998 0.98245 34
1760080604830 0.98149 35
1760080807016 0.98334 36
1760081009020 0.98066 37
1760081214663 0.9825 38
1760081415449 0.98343 39
1760081616001 0.98031 40
1760081816454 0.98618 41
1760082017122 0.97981 42
1760082217790 0.98424 43
1760082421071 0.98212 44
1760082625558 0.98304 45
1760082826797 0.97531 46
1760083030115 0.98036 47
1760083230560 0.98185 48
1760083431145 0.98565 49
1760083635940 0.98719 50
1760083838342 0.98714 51
1760084043357 0.98561 52
1760084245537 0.98215 53
1760084448039 0.98535 54
1760084650359 0.98739 55
1760084852514 0.98312 56
1760085055597 0.9795 57
1760085257979 0.98676 58
1760085460307 0.98208 59
1760085662616 0.97588 60
1760085864832 0.98352 61
1760086066924 0.97772 62
1760086269165 0.98124 63
1760086471393 0.98307 64
1760086673590 0.98027 65
1760086875581 0.98377 66
1760087077578 0.98539 67
1760087279715 0.98909 68
1760087481709 0.98487 69
1760087683484 0.98559 70
1760087885376 0.98537 71
1760088087357 0.97763 72
1760088289167 0.98035 73
1760088491314 0.98261 74
1760088693260 0.98032 75
1760088895177 0.97981 76
1760089097110 0.98173 77
1760089298931 0.98355 78
1760089500787 0.98455 79
1760089702712 0.98035 80
1760089904401 0.98581 81
1760090106368 0.98153 82
1760090308094 0.97844 83
1760090509853 0.98626 84
1760090711663 0.98286 85
1760090913498 0.98626 86
1760091115493 0.98166 87
1760091317835 0.98526 88
1760091519933 0.98355 89
1760091722305 0.98173 90
1760091924126 0.98307 91
1760092125904 0.98489 92
1760092327675 0.9842 93
1760092529652 0.98349 94
1760092731496 0.9844 95
1760092933303 0.98537 96
1760093135163 0.98536 97
1760093336797 0.98479 98
1760093538469 0.98479 99
1760093553380 0.9890857525513038 99
