1760073335885 0.89072 0
1760073538619 0.89431 1
1760073741295 0.67973 2
1760073943801 0.85968 3
1760074145876 0.87244 4
1760074347765 0.89203 5
1760074549915 0.88975 6
1760074752036 0.909 7
1760074954415 0.91081 8
1760075157939 0.90524 9
1760075360593 0.92255 10
1760075563510 0.90633 11
1760075766378 0.91845 12
1760075969325 0.91754 13
1760076172132 0.91988 14
1760076375130 0.91969 15
1760076592581 0.92898 16
1760076865861 0.91144 17
1760077085883 0.92409 18
1760077287987 0.93713 19
1760077490730 0.93121 20
1760077692800 0.92693 21
1760077894924 0.93485 22
1760078097024 0.93303 23
1760078298938 0.93765 24
1760078508183 0.93831 25
1760078775354 0.93559 26
1760078978818 0.93304 27
1760079182835 0.93667 28
1760079386209 0.94169 29
1760079588264 0.9303 30
1760079791471 0.93955 31
1760079994882 0.93485 32
1760080198655 0.93257 33
1760080400998 0.9467 34
1760080604830 0.94305 35
1760080807016 0.94144 36
1760081009020 0.94716 37
1760081214663 0.94652 38
1760081415449 0.94637 39
1760081616001 0.94989 40
1760081816454 0.94262 41
1760082017122 0.95065 42
1760082217790 0.95626 43
1760082421071 0.95116 44
1760082625558 0.95037 45
1760082826797 0.95308 46
1760083030115 0.94624 47
1760083230560 0.95171 48
1760083431145 0.94761 49
1760083635940 0.94776 50
1760083838342 0.94445 51
1760084043357 0.9508 52
1760084245537 0.9528 53
1760084448039 0.95005 54
1760084650359 0.94806 55
1760084852514 0.95505 56
1760085055597 0.95794 57
1760085257979 0.9508 58
1760085460307 0.9489 59
1760085662616 0.95863 60
1760085864832 0.95139 61
1760086066924 0.95763 62
1760086269165 0.95321 63
1760086471393 0.9524 64
1760086673590 0.95444 65
1760086875581 0.95216 66
1760087077578 0.95278 67
1760087279715 0.94958 68
1760087481709 0.94883 69
1760087683484 0.94989 70
1760087885376 0.95091 71
1760088087357 0.95558 72
1760088289167 0.95262 73
1760088491314 0.95263 74
1760088693260 0.95171 75
1760088895177 0.95353 76
1760089097110 0.95472 77
1760089298931 0.95358 78
1760089500787 0.9508 79
1760089702712 0.95467 80
1760089904401 0.94938 81
1760090106368 0.95216 82
1760090308094 0.95444 83
1760090509853 0.9485 84
1760090711663 0.95171 85
1760090913498 0.94822 86
1760091115493 0.95353 87
1760091317835 0.95216 88
1760091519933 0.95334 89
1760091722305 0.95453 90
1760091924126 0.95228 91
1760092125904 0.95002 92
1760092327675 0.94989 93
1760092529652 0.9496 94
1760092731496 0.9486 95
1760092933303 0.94943 96
1760093135163 0.95033 97
1760093336797 0.95034 98
1760093538469 0.9508 99
1760093553380 0.94958420835414 99
