1760022271904 1.21374 0
1760022483083 1.1982 1
1760022685948 1.2599 2
1760022888498 1.28443 3
1760023091084 1.24929 4
1760023293466 1.23208 5
1760023495707 1.22944 6
1760023697973 1.19679 7
1760023900029 1.19552 8
1760024102216 1.16689 9
1760024304313 1.16529 10
1760024506352 1.16041 11
1760024708543 1.13782 12
1760024910735 1.14898 13
1760025113007 1.14715 14
1760025315180 1.13065 15
1760025517395 1.131 16
1760025719493 1.13808 17
1760025921759 1.11056 18
1760026123962 1.11848 19
1760026326062 1.12517 20
1760026528316 1.12019 21
1760026730370 1.10897 22
1760026932716 1.10237 23
1760027134773 1.09318 24
1760027336753 1.08796 25
1760027538903 1.094 26
1760027741015 1.08867 27
1760027943075 1.07957 28
1760028145043 1.07941 29
1760028347296 1.07205 30
1760028549475 1.07455 31
1760028751842 1.06984 32
1760028954047 1.07944 33
1760029156246 1.07639 34
1760029358578 1.06566 35
1760029560715 1.06842 36
1760029762803 1.06603 37
1760029965118 1.05847 38
1760030167334 1.04345 39
1760030369451 1.06052 40
1760030571543 1.04544 41
1760030773607 1.05332 42
1760030975783 1.048 43
1760031177820 1.044 44
1760031379971 1.04099 45
1760031581966 1.04101 46
1760031784007 1.03661 47
1760031986146 1.04371 48
1760032188245 1.03395 49
1760032390366 1.03615 50
1760032592594 1.03278 51
1760032794747 1.02682 52
1760032996898 1.02704 53
1760033199118 1.03502 54
1760033401101 1.029 55
1760033603124 1.02216 56
1760033805156 1.01533 57
1760034007212 1.01442 58
1760034209375 1.01864 59
1760034411501 1.01264 60
1760034613829 1.01047 61
1760034816366 1.00864 62
1760035018376 1.01051 63
1760035220449 0.99958 64
1760035422749 1.00281 65
1760035624985 1.00797 66
1760035827175 0.9997 67
1760036029299 0.99339 68
1760036231267 0.98677 69
1760036433489 0.99697 70
1760036635540 0.99038 71
1760036837573 0.99161 72
1760037039570 0.99493 73
1760037241450 0.99537 74
1760037443357 0.98963 75
1760037645512 0.98263 76
1760037847404 0.98354 77
1760038049318 0.97349 78
1760038251234 0.9742 79
1760038453198 0.98494 80
1760038655379 0.98292 81
1760038857261 0.9695 82
1760039059519 0.96661 83
1760039261697 0.96336 84
1760039463742 0.96955 85
1760039665843 0.96783 86
1760039867862 0.96407 87
1760040069793 0.96683 88
1760040271952 0.96827 89
1760040473880 0.95449 90
1760040675850 0.96325 91
1760040878065 0.96012 92
1760041080050 0.95287 93
1760041282210 0.95322 94
1760041484237 0.9529 95
1760041686307 0.95205 96
1760041888404 0.95703 97
1760042090548 0.94818 98
1760042292556 0.95115 99
1760042494574 0.94414 100
1760042696610 0.94657 101
1760042898874 0.93601 102
1760043101065 0.94127 103
1760043303005 0.93738 104
1760043505078 0.94482 105
1760043706992 0.93831 106
1760043908962 0.92575 107
1760044110980 0.92989 108
1760044312839 0.92395 109
1760044514886 0.92731 110
1760044717024 0.92278 111
1760044918966 0.91829 112
1760045121073 0.92296 113
1760045323143 0.92042 114
1760045525245 0.91513 115
1760045727324 0.92806 116
1760045929262 0.91279 117
1760046131314 0.91228 118
1760046333303 0.91395 119
1760046535151 0.91698 120
1760046737249 0.90863 121
1760046939287 0.90476 122
1760047141178 0.90587 123
1760047343040 0.899 124
1760047545060 0.90939 125
1760047746947 0.89618 126
1760047948878 0.89635 127
1760048150654 0.8923 128
1760048352674 0.89488 129
1760048554783 0.89431 130
1760048756684 0.89929 131
1760048958643 0.89342 132
1760049160600 0.89001 133
1760049362467 0.88182 134
1760049564648 0.88453 135
1760049766540 0.88446 136
1760049968576 0.88535 137
1760050170451 0.88078 138
1760050372180 0.87639 139
1760050574024 0.87171 140
1760050776000 0.88587 141
1760050977931 0.87385 142
1760051179927 0.86501 143
1760051381825 0.85999 144
1760051583777 0.86523 145
1760051785935 0.8673 146
1760051987943 0.86353 147
1760052189902 0.85844 148
1760052391932 0.86217 149
1760052593983 0.8546 150
1760052795922 0.8601 151
1760052997962 0.8568 152
1760053199925 0.85314 153
1760053401854 0.84902 154
1760053603655 0.85315 155
1760053805745 0.84552 156
1760054007841 0.84932 157
1760054209790 0.84547 158
1760054411901 0.83524 159
1760054613903 0.83696 160
1760054815851 0.83789 161
1760055017817 0.83842 162
1760055219745 0.83157 163
1760055421740 0.83471 164
1760055623555 0.83075 165
1760055825430 0.82063 166
1760056027425 0.82447 167
1760056229283 0.82859 168
1760056431107 0.82412 169
1760056633089 0.82105 170
1760056835018 0.81155 171
1760057037003 0.81036 172
1760057238940 0.81418 173
1760057440662 0.81121 174
1760057642524 0.80372 175
1760057844284 0.80612 176
1760058046136 0.79885 177
1760058248068 0.79732 178
1760058450097 0.8015 179
1760058652063 0.79883 180
1760058854114 0.79859 181
1760059056184 0.79624 182
1760059258032 0.78894 183
1760059459904 0.78303 184
1760059661789 0.78692 185
1760059863491 0.78526 186
1760060065502 0.77836 187
1760060267355 0.77688 188
1760060469291 0.7785 189
1760060671172 0.77916 190
1760060873017 0.77213 191
1760061074814 0.77381 192
1760061276951 0.7708 193
1760061478809 0.76626 194
1760061680864 0.7666 195
1760061882789 0.76632 196
1760062084784 0.75944 197
1760062286593 0.76573 198
1760062488518 0.76312 199
1760062690617 0.75136 200
1760062892599 0.75571 201
1760063094452 0.75372 202
1760063296485 0.75329 203
1760063498424 0.74617 204
1760063700241 0.74759 205
1760063902275 0.74131 206
1760064104131 0.73947 207
1760064305983 0.73657 208
1760064507916 0.73583 209
1760064709748 0.73292 210
1760064911475 0.74419 211
