1760022271904 0.91059 0
1760022483083 0.67297 1
1760022685948 0.77034 2
1760022888498 0.80487 3
1760023091084 0.74583 4
1760023293466 0.70829 5
1760023495707 0.69386 6
1760023697973 0.6695 7
1760023900029 0.64711 8
1760024102216 0.62575 9
1760024304313 0.6219 10
1760024506352 0.61216 11
1760024708543 0.59432 12
1760024910735 0.59552 13
1760025113007 0.58446 14
1760025315180 0.57732 15
1760025517395 0.56659 16
1760025719493 0.56953 17
1760025921759 0.55419 18
1760026123962 0.55755 19
1760026326062 0.55629 20
1760026528316 0.54438 21
1760026730370 0.54049 22
1760026932716 0.53906 23
1760027134773 0.53122 24
1760027336753 0.5312 25
1760027538903 0.52358 26
1760027741015 0.51964 27
1760027943075 0.515 28
1760028145043 0.51686 29
1760028347296 0.51537 30
1760028549475 0.5084 31
1760028751842 0.50435 32
1760028954047 0.50549 33
1760029156246 0.51293 34
1760029358578 0.49984 35
1760029560715 0.49627 36
1760029762803 0.49716 37
1760029965118 0.4945 38
1760030167334 0.4904 39
1760030369451 0.49379 40
1760030571543 0.48435 41
1760030773607 0.48454 42
1760030975783 0.48414 43
1760031177820 0.47685 44
1760031379971 0.48368 45
1760031581966 0.47701 46
1760031784007 0.47304 47
1760031986146 0.47918 48
1760032188245 0.46589 49
1760032390366 0.4738 50
1760032592594 0.46952 51
1760032794747 0.46175 52
1760032996898 0.46188 53
1760033199118 0.46767 54
1760033401101 0.46167 55
1760033603124 0.45768 56
1760033805156 0.45467 57
1760034007212 0.45498 58
1760034209375 0.45601 59
1760034411501 0.45226 60
1760034613829 0.45518 61
1760034816366 0.45272 62
1760035018376 0.44919 63
1760035220449 0.44992 64
1760035422749 0.44979 65
1760035624985 0.44981 66
1760035827175 0.44234 67
1760036029299 0.44225 68
1760036231267 0.43967 69
1760036433489 0.44421 70
1760036635540 0.43877 71
1760036837573 0.43942 72
1760037039570 0.43922 73
1760037241450 0.43853 74
1760037443357 0.43761 75
1760037645512 0.43548 76
1760037847404 0.43434 77
1760038049318 0.42724 78
1760038251234 0.42953 79
1760038453198 0.43022 80
1760038655379 0.42931 81
1760038857261 0.42625 82
1760039059519 0.4294 83
1760039261697 0.42241 84
1760039463742 0.42396 85
1760039665843 0.42442 86
1760039867862 0.42122 87
1760040069793 0.42057 88
1760040271952 0.4202 89
1760040473880 0.41753 90
1760040675850 0.42033 91
1760040878065 0.4202 92
1760041080050 0.41532 93
1760041282210 0.41325 94
1760041484237 0.41219 95
1760041686307 0.41481 96
1760041888404 0.4136 97
1760042090548 0.41161 98
1760042292556 0.41706 99
1760042494574 0.41007 100
1760042696610 0.41133 101
1760042898874 0.40542 102
1760043101065 0.40949 103
1760043303005 0.41038 104
1760043505078 0.40702 105
1760043706992 0.40564 106
1760043908962 0.40286 107
1760044110980 0.40117 108
1760044312839 0.39897 109
1760044514886 0.40193 110
1760044717024 0.39778 111
1760044918966 0.39426 112
1760045121073 0.39623 113
1760045323143 0.39868 114
1760045525245 0.39154 115
1760045727324 0.39867 116
1760045929262 0.39402 117
1760046131314 0.39027 118
1760046333303 0.39417 119
1760046535151 0.39434 120
1760046737249 0.39244 121
1760046939287 0.3909 122
1760047141178 0.39091 123
1760047343040 0.38731 124
1760047545060 0.39066 125
1760047746947 0.38663 126
1760047948878 0.38609 127
1760048150654 0.38459 128
1760048352674 0.3812 129
1760048554783 0.38124 130
1760048756684 0.3877 131
1760048958643 0.38508 132
1760049160600 0.38097 133
1760049362467 0.38087 134
1760049564648 0.38188 135
1760049766540 0.3805 136
1760049968576 0.37966 137
1760050170451 0.37865 138
1760050372180 0.38006 139
1760050574024 0.37559 140
1760050776000 0.37681 141
1760050977931 0.37345 142
1760051179927 0.37226 143
1760051381825 0.36725 144
1760051583777 0.3678 145
1760051785935 0.37053 146
1760051987943 0.36996 147
1760052189902 0.36763 148
1760052391932 0.36793 149
1760052593983 0.36788 150
1760052795922 0.36621 151
1760052997962 0.36547 152
1760053199925 0.36603 153
1760053401854 0.36088 154
1760053603655 0.36461 155
1760053805745 0.36315 156
1760054007841 0.36471 157
1760054209790 0.36423 158
1760054411901 0.35434 159
1760054613903 0.3611 160
1760054815851 0.35886 161
1760055017817 0.357 162
1760055219745 0.35599 163
1760055421740 0.36087 164
1760055623555 0.35941 165
1760055825430 0.35312 166
1760056027425 0.35255 167
1760056229283 0.35587 168
1760056431107 0.35864 169
1760056633089 0.35041 170
1760056835018 0.348 171
1760057037003 0.34673 172
1760057238940 0.35269 173
1760057440662 0.3479 174
1760057642524 0.3469 175
1760057844284 0.34711 176
1760058046136 0.344 177
1760058248068 0.34255 178
1760058450097 0.34095 179
1760058652063 0.34292 180
1760058854114 0.33998 181
1760059056184 0.34145 182
1760059258032 0.33857 183
1760059459904 0.3415 184
1760059661789 0.33839 185
1760059863491 0.34024 186
1760060065502 0.33424 187
1760060267355 0.33402 188
1760060469291 0.3376 189
1760060671172 0.33771 190
1760060873017 0.33129 191
1760061074814 0.33232 192
1760061276951 0.32898 193
1760061478809 0.32984 194
1760061680864 0.33286 195
1760061882789 0.33128 196
1760062084784 0.32879 197
1760062286593 0.32804 198
1760062488518 0.32614 199
1760062690617 0.32358 200
1760062892599 0.32667 201
1760063094452 0.32435 202
1760063296485 0.32493 203
1760063498424 0.32154 204
1760063700241 0.32212 205
1760063902275 0.32018 206
1760064104131 0.31774 207
1760064305983 0.31901 208
1760064507916 0.3185 209
1760064709748 0.31686 210
1760064911475 0.31881 211
