1760022271904 1.13485 0
1760022483083 1.11688 1
1760022685948 1.15572 2
1760022888498 1.1874 3
1760023091084 1.17398 4
1760023293466 1.17037 5
1760023495707 1.16663 6
1760023697973 1.15358 7
1760023900029 1.13858 8
1760024102216 1.12728 9
1760024304313 1.12613 10
1760024506352 1.12254 11
1760024708543 1.1225 12
1760024910735 1.1296 13
1760025113007 1.12302 14
1760025315180 1.11583 15
1760025517395 1.1155 16
1760025719493 1.11039 17
1760025921759 1.10118 18
1760026123962 1.10108 19
1760026326062 1.11049 20
1760026528316 1.09904 21
1760026730370 1.09667 22
1760026932716 1.09329 23
1760027134773 1.08476 24
1760027336753 1.07816 25
1760027538903 1.08627 26
1760027741015 1.08262 27
1760027943075 1.08614 28
1760028145043 1.0801 29
1760028347296 1.08018 30
1760028549475 1.0748 31
1760028751842 1.08009 32
1760028954047 1.08013 33
1760029156246 1.07505 34
1760029358578 1.07359 35
1760029560715 1.08272 36
1760029762803 1.07533 37
1760029965118 1.0674 38
1760030167334 1.06142 39
1760030369451 1.07143 40
1760030571543 1.05783 41
1760030773607 1.06429 42
1760030975783 1.06269 43
1760031177820 1.06497 44
1760031379971 1.06373 45
1760031581966 1.06088 46
1760031784007 1.06014 47
1760031986146 1.05825 48
1760032188245 1.05587 49
1760032390366 1.06108 50
1760032592594 1.05761 51
1760032794747 1.05842 52
1760032996898 1.05528 53
1760033199118 1.05854 54
1760033401101 1.05494 55
1760033603124 1.04958 56
1760033805156 1.04631 57
1760034007212 1.04518 58
1760034209375 1.05349 59
1760034411501 1.04779 60
1760034613829 1.04562 61
1760034816366 1.04275 62
1760035018376 1.0474 63
1760035220449 1.04678 64
1760035422749 1.03967 65
1760035624985 1.0499 66
1760035827175 1.03655 67
1760036029299 1.03807 68
1760036231267 1.03379 69
1760036433489 1.04024 70
1760036635540 1.03656 71
1760036837573 1.03322 72
1760037039570 1.03917 73
1760037241450 1.03633 74
1760037443357 1.03631 75
1760037645512 1.03635 76
1760037847404 1.03144 77
1760038049318 1.02605 78
1760038251234 1.02324 79
1760038453198 1.02999 80
1760038655379 1.03124 81
1760038857261 1.02643 82
1760039059519 1.02937 83
1760039261697 1.02882 84
1760039463742 1.0293 85
1760039665843 1.02456 86
1760039867862 1.02564 87
1760040069793 1.02856 88
1760040271952 1.02468 89
1760040473880 1.02269 90
1760040675850 1.02506 91
1760040878065 1.02292 92
1760041080050 1.02017 93
1760041282210 1.01998 94
1760041484237 1.02043 95
1760041686307 1.02722 96
1760041888404 1.02502 97
1760042090548 1.01828 98
1760042292556 1.01794 99
1760042494574 1.01743 100
1760042696610 1.01523 101
1760042898874 1.01372 102
1760043101065 1.01682 103
1760043303005 1.00919 104
1760043505078 1.01031 105
1760043706992 1.00879 106
1760043908962 1.00703 107
1760044110980 1.00961 108
1760044312839 1.00285 109
1760044514886 1.00484 110
1760044717024 1.00657 111
1760044918966 1.01008 112
1760045121073 1.0038 113
1760045323143 1.00715 114
1760045525245 1.0 115
1760045727324 1.01031 116
1760045929262 1.00403 117
1760046131314 0.99924 118
1760046333303 1.00955 119
1760046535151 1.00709 120
1760046737249 1.00395 121
1760046939287 1.0005 122
1760047141178 1.00078 123
1760047343040 1.00264 124
1760047545060 1.00162 125
1760047746947 0.99278 126
1760047948878 0.99213 127
1760048150654 0.99533 128
1760048352674 0.99105 129
1760048554783 0.99305 130
1760048756684 0.99256 131
1760048958643 0.99282 132
1760049160600 0.99323 133
1760049362467 0.98707 134
1760049564648 0.99189 135
1760049766540 0.98778 136
1760049968576 0.9951 137
1760050170451 0.99338 138
1760050372180 0.99111 139
1760050574024 0.9874 140
1760050776000 0.98477 141
1760050977931 0.9839 142
1760051179927 0.97872 143
1760051381825 0.98155 144
1760051583777 0.97745 145
1760051785935 0.98793 146
1760051987943 0.98084 147
1760052189902 0.97936 148
1760052391932 0.98229 149
1760052593983 0.97721 150
1760052795922 0.98127 151
1760052997962 0.98268 152
1760053199925 0.97743 153
1760053401854 0.97562 154
1760053603655 0.97781 155
1760053805745 0.97312 156
1760054007841 0.9781 157
1760054209790 0.97575 158
1760054411901 0.96936 159
1760054613903 0.96898 160
1760054815851 0.9713 161
1760055017817 0.96963 162
1760055219745 0.96807 163
1760055421740 0.96966 164
1760055623555 0.96771 165
1760055825430 0.96741 166
1760056027425 0.96743 167
1760056229283 0.97252 168
1760056431107 0.96969 169
1760056633089 0.9676 170
1760056835018 0.96262 171
1760057037003 0.96391 172
1760057238940 0.96013 173
1760057440662 0.96235 174
1760057642524 0.96168 175
1760057844284 0.96555 176
1760058046136 0.96291 177
1760058248068 0.96157 178
1760058450097 0.96043 179
1760058652063 0.95567 180
1760058854114 0.95752 181
1760059056184 0.95463 182
1760059258032 0.95433 183
1760059459904 0.9564 184
1760059661789 0.95538 185
1760059863491 0.9539 186
1760060065502 0.95387 187
1760060267355 0.95362 188
1760060469291 0.95803 189
1760060671172 0.95735 190
1760060873017 0.95042 191
1760061074814 0.95253 192
1760061276951 0.9459 193
1760061478809 0.94284 194
1760061680864 0.94621 195
1760061882789 0.94973 196
1760062084784 0.94644 197
1760062286593 0.94187 198
1760062488518 0.94331 199
1760062690617 0.93884 200
1760062892599 0.94178 201
1760063094452 0.94014 202
1760063296485 0.93926 203
1760063498424 0.93383 204
1760063700241 0.9396 205
1760063902275 0.93918 206
1760064104131 0.93487 207
1760064305983 0.93696 208
1760064507916 0.9339 209
1760064709748 0.93311 210
1760064911475 0.93819 211
