1760009802513 0.00016 0
1760009808578 0.000333268 1
1760009813032 0.000499408 2
1760009817494 0.00065842 3
1760009821930 0.0008103040000000001 4
1760009826378 0.00095506 5
1760009830772 0.0010926879999999999 6
1760009835150 0.001223188 7
1760009839521 0.0013465600000000001 8
1760009844004 0.0014628040000000003 9
1760009848416 0.0015719200000000003 10
1760009852774 0.0015644 11
1760009857127 0.0015248 12
1760009861454 0.0014852 13
1760009865874 0.0014456 14
1760009870228 0.001406 15
1760009874721 0.0013663999999999998 16
1760009879118 0.0013267999999999997 17
1760009883476 0.0012872 18
1760009887846 0.0012476 19
1760009892300 0.001208 20
1760009896667 0.0011684000000000002 21
1760009901031 0.0011288000000000001 22
1760009905452 0.0010892000000000002 23
1760009909820 0.0010496000000000001 24
1760009914213 0.00101 25
1760009918622 0.0009704 26
1760009923090 0.0009308 27
1760009927555 0.0008911999999999999 28
1760009931993 0.0008516000000000001 29
1760009936362 0.0008120000000000001 30
1760009940746 0.0007724 31
1760009945254 0.0007328 32
1760009949682 0.0006931999999999999 33
1760009954223 0.0006536 34
1760009958629 0.0006140000000000001 35
1760009963110 0.0005744000000000001 36
1760009967479 0.0005348000000000001 37
1760009971860 0.0004952 38
1760009976272 0.00045559999999999996 39
1760009981144 0.0004159999999999999 40
1760009985542 0.00037640000000000015 41
1760009990219 0.0003368000000000001 42
1760009994623 0.0002972 43
1760009999039 0.00025760000000000003 44
1760010003488 0.00021799999999999996 45
1760010007897 0.00017839999999999992 46
1760010012318 0.0001388000000000001 47
1760010016810 9.920000000000008e-05 48
1760010021220 5.9600000000000046e-05 49
