1760073313881 0.00332579185520362 0
1760073524177 0.006593199849170437 1
1760073726701 0.009794607843137255 2
1760073929144 0.009703 3
1760074131575 0.009604 4
1760074333644 0.009505 5
1760074535731 0.009406 6
1760074737682 0.009307 7
1760074939831 0.009208000000000001 8
1760075143733 0.009109 9
1760075346339 0.00901 10
1760075549229 0.008911 11
1760075752073 0.008812 12
1760075954948 0.008713 13
1760076157889 0.008614 14
1760076360749 0.008515 15
1760076578202 0.008416 16
1760076845300 0.008317 17
1760077071729 0.008218000000000001 18
1760077273902 0.008119000000000001 19
1760077476543 0.008020000000000001 20
1760077678639 0.007921000000000001 21
1760077880831 0.007822 22
1760078082830 0.007723 23
1760078284882 0.007624 24
1760078493642 0.007525 25
1760078761139 0.007426 26
1760078964477 0.007327 27
1760079168665 0.007228 28
1760079371802 0.007129 29
1760079574322 0.00703 30
1760079776680 0.006931 31
1760079980585 0.0068319999999999995 32
1760080184442 0.006732999999999999 33
1760080386937 0.006633999999999999 34
1760080590693 0.006535 35
1760080792377 0.006436000000000001 36
1760080994650 0.006337000000000001 37
1760081200539 0.0062380000000000005 38
1760081401418 0.006139 39
1760081602036 0.00604 40
1760081802573 0.005941000000000001 41
1760082003060 0.005842000000000001 42
1760082203691 0.005743000000000001 43
1760082406574 0.005644000000000001 44
1760082611443 0.0055450000000000004 45
1760082812679 0.005446000000000001 46
1760083015965 0.005347000000000001 47
1760083216681 0.005248000000000001 48
1760083417135 0.005149 49
1760083621519 0.00505 50
1760083823861 0.004951 51
1760084029056 0.0048519999999999995 52
1760084231291 0.004753 53
1760084433786 0.004654 54
1760084636117 0.004555 55
1760084838428 0.004456 56
1760085040719 0.004357000000000001 57
1760085243666 0.0042580000000000005 58
1760085446167 0.004159 59
1760085648454 0.00406 60
1760085850609 0.003961 61
1760086052850 0.003862 62
1760086255000 0.0037630000000000003 63
1760086457124 0.003664 64
1760086659347 0.003565 65
1760086861448 0.003466 66
1760087063327 0.0033669999999999993 67
1760087265326 0.003268 68
1760087467556 0.003169000000000001 69
1760087669333 0.0030700000000000007 70
1760087871306 0.0029710000000000006 71
1760088073115 0.002872 72
1760088275189 0.0027730000000000007 73
1760088477120 0.002674 74
1760088679051 0.002575 75
1760088881151 0.002476 76
1760089082892 0.002377 77
1760089284681 0.0022779999999999996 78
1760089486782 0.002179 79
1760089688570 0.00208 80
1760089890385 0.0019809999999999993 81
1760090092234 0.0018820000000000006 82
1760090294008 0.0017830000000000005 83
1760090495760 0.0016840000000000006 84
1760090697570 0.0015850000000000003 85
1760090899473 0.0014860000000000001 86
1760091101324 0.0013870000000000002 87
1760091303327 0.001288 88
1760091505709 0.0011889999999999997 89
1760091708062 0.0010899999999999998 90
1760091909859 0.0009909999999999997 91
1760092111750 0.0008919999999999996 92
1760092313503 0.0007929999999999994 93
1760092515248 0.0006940000000000005 94
1760092717178 0.0005950000000000005 95
1760092919139 0.0004960000000000005 96
1760093120909 0.00039700000000000027 97
1760093322735 0.0002980000000000002 98
1760093524370 0.0001990000000000001 99
