1760022294413 0.94243 0
1760022497520 0.92572 1
1760022700396 0.89905 2
1760022903014 0.86308 3
1760023105388 0.91738 4
1760023307579 0.94091 5
1760023509791 0.93782 6
1760023712080 0.92954 7
1760023914268 0.95497 8
1760024116357 0.93486 9
1760024318377 0.93667 10
1760024520508 0.95056 11
1760024722766 0.95359 12
1760024925093 0.95893 13
1760025127212 0.95344 14
1760025329447 0.95924 15
1760025531526 0.96541 16
1760025733713 0.96443 17
1760025935943 0.95956 18
1760026138164 0.96544 19
1760026340352 0.96565 20
1760026542468 0.96935 21
1760026744620 0.96726 22
1760026946828 0.9675 23
1760027148949 0.96688 24
1760027351006 0.96585 25
1760027553027 0.9704 26
1760027755131 0.96718 27
1760027957139 0.97239 28
1760028159285 0.97237 29
1760028361507 0.97179 30
1760028563789 0.97032 31
1760028765976 0.97409 32
1760028968174 0.97531 33
1760029170466 0.97387 34
1760029372687 0.97531 35
1760029574848 0.97518 36
1760029777044 0.97465 37
1760029979288 0.97598 38
1760030181476 0.97435 39
1760030383544 0.97651 40
1760030585688 0.97407 41
1760030787733 0.97092 42
1760030989967 0.97274 43
1760031192041 0.97552 44
1760031394096 0.9757 45
1760031596094 0.9745 46
1760031798175 0.97808 47
1760032000290 0.97683 48
1760032202376 0.97651 49
1760032404576 0.9785 50
1760032606767 0.97754 51
1760032808872 0.97855 52
1760033011034 0.97796 53
1760033213160 0.97696 54
1760033415223 0.97558 55
1760033617112 0.97799 56
1760033819271 0.97885 57
1760034021384 0.97721 58
1760034223522 0.97801 59
1760034425661 0.97571 60
1760034627973 0.97829 61
1760034830391 0.97812 62
1760035032555 0.98011 63
1760035234621 0.97879 64
1760035437004 0.97847 65
1760035639239 0.97946 66
1760035841310 0.97946 67
1760036043341 0.97835 68
1760036245443 0.97861 69
1760036447666 0.97785 70
1760036649763 0.97833 71
1760036851606 0.97801 72
1760037053603 0.97689 73
1760037255557 0.9781 74
1760037457432 0.97885 75
1760037659525 0.97921 76
1760037861534 0.97999 77
1760038063415 0.98028 78
1760038265403 0.97964 79
1760038467314 0.98004 80
1760038669445 0.97981 81
1760038871552 0.97901 82
1760039073670 0.9794 83
1760039275842 0.97936 84
1760039477925 0.97931 85
1760039679863 0.97909 86
1760039881903 0.97893 87
1760040084010 0.9797 88
1760040285873 0.97909 89
1760040487962 0.98044 90
1760040690095 0.98021 91
1760040892198 0.9802 92
1760041094294 0.9792 93
1760041296372 0.97876 94
1760041498372 0.97883 95
1760041700514 0.97862 96
1760041902540 0.97823 97
1760042104686 0.97826 98
1760042306651 0.97825 99
1760042508682 0.97868 100
1760042710963 0.9793 101
1760042913139 0.97889 102
1760043115133 0.9783 103
1760043317214 0.97867 104
1760043519186 0.97927 105
1760043721081 0.9799 106
1760043923027 0.97927 107
1760044124907 0.97927 108
1760044327088 0.979 109
1760044529051 0.97961 110
1760044731092 0.97977 111
1760044933087 0.97851 112
1760045135157 0.9792 113
1760045337335 0.97945 114
1760045539398 0.97921 115
1760045741382 0.97863 116
1760045943460 0.97875 117
1760046145374 0.97926 118
1760046347368 0.97933 119
1760046549443 0.98001 120
1760046751416 0.97976 121
1760046953350 0.97952 122
1760047155263 0.97975 123
1760047357158 0.97904 124
1760047559167 0.97851 125
1760047761051 0.97819 126
1760047962902 0.97827 127
1760048164760 0.97838 128
1760048366940 0.9787 129
1760048568832 0.97866 130
1760048770795 0.97869 131
1760048972793 0.97929 132
1760049174671 0.97923 133
1760049376848 0.97899 134
1760049578800 0.97875 135
1760049780775 0.97878 136
1760049982579 0.97831 137
1760050184462 0.97836 138
1760050386278 0.97807 139
1760050588145 0.97863 140
1760050790109 0.97844 141
1760050992048 0.97816 142
1760051193950 0.9785 143
1760051395931 0.97864 144
1760051598017 0.97838 145
1760051800110 0.97803 146
1760052002023 0.97852 147
1760052204011 0.97826 148
1760052406078 0.97838 149
1760052608129 0.97811 150
1760052810044 0.97827 151
1760053012063 0.97857 152
1760053213945 0.97855 153
1760053415966 0.97821 154
1760053617875 0.97804 155
1760053819898 0.97828 156
1760054021957 0.97833 157
1760054224012 0.97819 158
1760054426061 0.97848 159
1760054628050 0.97857 160
1760054829964 0.97857 161
1760055031953 0.97881 162
1760055233907 0.97876 163
1760055435758 0.97884 164
1760055637564 0.97888 165
1760055839625 0.97871 166
1760056041505 0.97853 167
1760056243308 0.97859 168
1760056445227 0.9786 169
1760056647111 0.97863 170
1760056849212 0.97879 171
1760057051013 0.97879 172
1760057252937 0.97884 173
1760057454790 0.97883 174
1760057656537 0.97875 175
1760057858382 0.97871 176
1760058060308 0.97868 177
1760058262214 0.97874 178
1760058464316 0.9787 179
1760058666302 0.97867 180
1760058868265 0.97866 181
1760059070314 0.97865 182
1760059272200 0.97896 183
1760059473980 0.97895 184
1760059675803 0.97898 185
1760059877588 0.97899 186
1760060079610 0.97896 187
1760060281624 0.979 188
1760060483373 0.97899 189
1760060685276 0.97926 190
1760060887016 0.97923 191
1760061089010 0.97928 192
1760061291004 0.9793 193
1760061492950 0.97932 194
1760061694893 0.97936 195
1760061896912 0.97941 196
1760062098855 0.97946 197
1760062300736 0.97952 198
1760062502932 0.9796 199
1760062704691 0.97949 200
1760062906688 0.97953 201
1760063108710 0.97956 202
1760063310562 0.97961 203
1760063512523 0.97962 204
1760063714475 0.97963 205
1760063916289 0.97966 206
1760064118251 0.97969 207
1760064320085 0.97972 208
1760064521923 0.97976 209
1760064723758 0.97983 210
1760064925605 0.97984 211
1760064940315 0.9791599223327673 211
