1760022294413 0.62755 0
1760022497520 0.59245 1
1760022700396 0.55646 2
1760022903014 0.54469 3
1760023105388 0.60134 4
1760023307579 0.61401 5
1760023509791 0.62947 6
1760023712080 0.61887 7
1760023914268 0.64487 8
1760024116357 0.62697 9
1760024318377 0.63675 10
1760024520508 0.64651 11
1760024722766 0.64925 12
1760024925093 0.65736 13
1760025127212 0.66641 14
1760025329447 0.67041 15
1760025531526 0.66928 16
1760025733713 0.67142 17
1760025935943 0.66944 18
1760026138164 0.68452 19
1760026340352 0.67505 20
1760026542468 0.6776 21
1760026744620 0.68145 22
1760026946828 0.68119 23
1760027148949 0.68089 24
1760027351006 0.68513 25
1760027553027 0.68957 26
1760027755131 0.68501 27
1760027957139 0.68804 28
1760028159285 0.6951 29
1760028361507 0.69462 30
1760028563789 0.68769 31
1760028765976 0.69261 32
1760028968174 0.69234 33
1760029170466 0.69607 34
1760029372687 0.70463 35
1760029574848 0.70075 36
1760029777044 0.70607 37
1760029979288 0.70076 38
1760030181476 0.70203 39
1760030383544 0.70754 40
1760030585688 0.69932 41
1760030787733 0.70014 42
1760030989967 0.70452 43
1760031192041 0.70978 44
1760031394096 0.70698 45
1760031596094 0.70388 46
1760031798175 0.71282 47
1760032000290 0.71193 48
1760032202376 0.71219 49
1760032404576 0.72252 50
1760032606767 0.71103 51
1760032808872 0.71544 52
1760033011034 0.71976 53
1760033213160 0.71409 54
1760033415223 0.71391 55
1760033617112 0.71852 56
1760033819271 0.7199 57
1760034021384 0.71657 58
1760034223522 0.71728 59
1760034425661 0.71853 60
1760034627973 0.71986 61
1760034830391 0.71803 62
1760035032555 0.72671 63
1760035234621 0.72028 64
1760035437004 0.72245 65
1760035639239 0.72068 66
1760035841310 0.7244 67
1760036043341 0.7222 68
1760036245443 0.72313 69
1760036447666 0.71961 70
1760036649763 0.72353 71
1760036851606 0.72163 72
1760037053603 0.72268 73
1760037255557 0.72438 74
1760037457432 0.72763 75
1760037659525 0.72941 76
1760037861534 0.72439 77
1760038063415 0.72618 78
1760038265403 0.72811 79
1760038467314 0.73012 80
1760038669445 0.726 81
1760038871552 0.72552 82
1760039073670 0.7256 83
1760039275842 0.72755 84
1760039477925 0.72446 85
1760039679863 0.72827 86
1760039881903 0.72834 87
1760040084010 0.72618 88
1760040285873 0.72798 89
1760040487962 0.73022 90
1760040690095 0.73033 91
1760040892198 0.73016 92
1760041094294 0.72881 93
1760041296372 0.72857 94
1760041498372 0.72724 95
1760041700514 0.72865 96
1760041902540 0.7278 97
1760042104686 0.72822 98
1760042306651 0.72736 99
1760042508682 0.72581 100
1760042710963 0.72704 101
1760042913139 0.72767 102
1760043115133 0.7278 103
1760043317214 0.72811 104
1760043519186 0.72861 105
1760043721081 0.72918 106
1760043923027 0.72977 107
1760044124907 0.72973 108
1760044327088 0.72954 109
1760044529051 0.72989 110
1760044731092 0.73077 111
1760044933087 0.72969 112
1760045135157 0.73039 113
1760045337335 0.72858 114
1760045539398 0.72902 115
1760045741382 0.72744 116
1760045943460 0.72798 117
1760046145374 0.72786 118
1760046347368 0.72842 119
1760046549443 0.72821 120
1760046751416 0.72758 121
1760046953350 0.72811 122
1760047155263 0.72811 123
1760047357158 0.72789 124
1760047559167 0.72686 125
1760047761051 0.72599 126
1760047962902 0.72702 127
1760048164760 0.72598 128
1760048366940 0.72701 129
1760048568832 0.72746 130
1760048770795 0.72711 131
1760048972793 0.72785 132
1760049174671 0.72749 133
1760049376848 0.72714 134
1760049578800 0.72681 135
1760049780775 0.72774 136
1760049982579 0.72784 137
1760050184462 0.72782 138
1760050386278 0.72751 139
1760050588145 0.72767 140
1760050790109 0.7274 141
1760050992048 0.72742 142
1760051193950 0.72709 143
1760051395931 0.7272 144
1760051598017 0.72705 145
1760051800110 0.72644 146
1760052002023 0.72656 147
1760052204011 0.7272 148
1760052406078 0.72739 149
1760052608129 0.72743 150
1760052810044 0.72765 151
1760053012063 0.72723 152
1760053213945 0.7272 153
1760053415966 0.72764 154
1760053617875 0.72817 155
1760053819898 0.72799 156
1760054021957 0.72775 157
1760054224012 0.72827 158
1760054426061 0.72865 159
1760054628050 0.72846 160
1760054829964 0.72864 161
1760055031953 0.72887 162
1760055233907 0.72829 163
1760055435758 0.72842 164
1760055637564 0.72807 165
1760055839625 0.72808 166
1760056041505 0.72834 167
1760056243308 0.72833 168
1760056445227 0.72818 169
1760056647111 0.72871 170
1760056849212 0.72908 171
1760057051013 0.72901 172
1760057252937 0.72945 173
1760057454790 0.72916 174
1760057656537 0.72949 175
1760057858382 0.72874 176
1760058060308 0.72809 177
1760058262214 0.72859 178
1760058464316 0.72787 179
1760058666302 0.72817 180
1760058868265 0.72796 181
1760059070314 0.72796 182
1760059272200 0.72817 183
1760059473980 0.72733 184
1760059675803 0.72712 185
1760059877588 0.72712 186
1760060079610 0.72696 187
1760060281624 0.72683 188
1760060483373 0.72666 189
1760060685276 0.72689 190
1760060887016 0.72659 191
1760061089010 0.72729 192
1760061291004 0.72759 193
1760061492950 0.72736 194
1760061694893 0.72721 195
1760061896912 0.72726 196
1760062098855 0.7276 197
1760062300736 0.72797 198
1760062502932 0.728 199
1760062704691 0.72766 200
1760062906688 0.72795 201
1760063108710 0.72751 202
1760063310562 0.72722 203
1760063512523 0.72705 204
1760063714475 0.72701 205
1760063916289 0.72683 206
1760064118251 0.72747 207
1760064320085 0.72748 208
1760064521923 0.72715 209
1760064723758 0.72688 210
1760064925605 0.72718 211
1760064940315 0.7308041575863562 211
