1760022294413 0.9518 0
1760022497520 0.9292 1
1760022700396 0.91889 2
1760022903014 0.88583 3
1760023105388 0.94865 4
1760023307579 0.96077 5
1760023509791 0.96193 6
1760023712080 0.95568 7
1760023914268 0.96872 8
1760024116357 0.95801 9
1760024318377 0.96395 10
1760024520508 0.97831 11
1760024722766 0.97204 12
1760024925093 0.97494 13
1760025127212 0.97622 14
1760025329447 0.97485 15
1760025531526 0.98043 16
1760025733713 0.9776 17
1760025935943 0.97253 18
1760026138164 0.97699 19
1760026340352 0.97878 20
1760026542468 0.98019 21
1760026744620 0.9845 22
1760026946828 0.98696 23
1760027148949 0.97842 24
1760027351006 0.9853 25
1760027553027 0.97866 26
1760027755131 0.97661 27
1760027957139 0.98443 28
1760028159285 0.98521 29
1760028361507 0.98552 30
1760028563789 0.97955 31
1760028765976 0.97868 32
1760028968174 0.98055 33
1760029170466 0.98099 34
1760029372687 0.98796 35
1760029574848 0.9829 36
1760029777044 0.98088 37
1760029979288 0.98014 38
1760030181476 0.98467 39
1760030383544 0.98345 40
1760030585688 0.98056 41
1760030787733 0.98612 42
1760030989967 0.98524 43
1760031192041 0.98204 44
1760031394096 0.98159 45
1760031596094 0.97975 46
1760031798175 0.98347 47
1760032000290 0.98294 48
1760032202376 0.98857 49
1760032404576 0.98125 50
1760032606767 0.98488 51
1760032808872 0.99071 52
1760033011034 0.98582 53
1760033213160 0.98621 54
1760033415223 0.98486 55
1760033617112 0.98744 56
1760033819271 0.9862 57
1760034021384 0.98899 58
1760034223522 0.98333 59
1760034425661 0.9807 60
1760034627973 0.9827 61
1760034830391 0.98592 62
1760035032555 0.98812 63
1760035234621 0.98442 64
1760035437004 0.98578 65
1760035639239 0.98787 66
1760035841310 0.98999 67
1760036043341 0.97801 68
1760036245443 0.97896 69
1760036447666 0.98397 70
1760036649763 0.9845 71
1760036851606 0.98929 72
1760037053603 0.98572 73
1760037255557 0.97512 74
1760037457432 0.97807 75
1760037659525 0.98331 76
1760037861534 0.98402 77
1760038063415 0.98313 78
1760038265403 0.98405 79
1760038467314 0.98253 80
1760038669445 0.98226 81
1760038871552 0.97901 82
1760039073670 0.97683 83
1760039275842 0.98361 84
1760039477925 0.98277 85
1760039679863 0.98083 86
1760039881903 0.98667 87
1760040084010 0.98876 88
1760040285873 0.97995 89
1760040487962 0.98048 90
1760040690095 0.98287 91
1760040892198 0.98046 92
1760041094294 0.98189 93
1760041296372 0.98036 94
1760041498372 0.98356 95
1760041700514 0.98259 96
1760041902540 0.98185 97
1760042104686 0.97751 98
1760042306651 0.98403 99
1760042508682 0.97813 100
1760042710963 0.98446 101
1760042913139 0.98255 102
1760043115133 0.9849 103
1760043317214 0.98041 104
1760043519186 0.98091 105
1760043721081 0.97911 106
1760043923027 0.97725 107
1760044124907 0.9791 108
1760044327088 0.97817 109
1760044529051 0.98266 110
1760044731092 0.97853 111
1760044933087 0.98682 112
1760045135157 0.97724 113
1760045337335 0.97728 114
1760045539398 0.97639 115
1760045741382 0.97996 116
1760045943460 0.98175 117
1760046145374 0.99017 118
1760046347368 0.98956 119
1760046549443 0.98182 120
1760046751416 0.98206 121
1760046953350 0.98318 122
1760047155263 0.98363 123
1760047357158 0.98316 124
1760047559167 0.97991 125
1760047761051 0.98014 126
1760047962902 0.97814 127
1760048164760 0.9801 128
1760048366940 0.98083 129
1760048568832 0.98217 130
1760048770795 0.98246 131
1760048972793 0.9823 132
1760049174671 0.98221 133
1760049376848 0.98132 134
1760049578800 0.97992 135
1760049780775 0.98039 136
1760049982579 0.98085 137
1760050184462 0.98144 138
1760050386278 0.97994 139
1760050588145 0.98081 140
1760050790109 0.98108 141
1760050992048 0.98078 142
1760051193950 0.98042 143
1760051395931 0.98046 144
1760051598017 0.97999 145
1760051800110 0.97907 146
1760052002023 0.97998 147
1760052204011 0.97913 148
1760052406078 0.97952 149
1760052608129 0.97952 150
1760052810044 0.97952 151
1760053012063 0.9794 152
1760053213945 0.97903 153
1760053415966 0.97848 154
1760053617875 0.97821 155
1760053819898 0.97883 156
1760054021957 0.97862 157
1760054224012 0.97815 158
1760054426061 0.97908 159
1760054628050 0.97908 160
1760054829964 0.97903 161
1760055031953 0.97922 162
1760055233907 0.97923 163
1760055435758 0.98 164
1760055637564 0.98 165
1760055839625 0.9791 166
1760056041505 0.97862 167
1760056243308 0.97862 168
1760056445227 0.97862 169
1760056647111 0.97862 170
1760056849212 0.97862 171
1760057051013 0.97862 172
1760057252937 0.97862 173
1760057454790 0.97862 174
1760057656537 0.97867 175
1760057858382 0.97882 176
1760058060308 0.97889 177
1760058262214 0.97906 178
1760058464316 0.97907 179
1760058666302 0.97853 180
1760058868265 0.97838 181
1760059070314 0.9784 182
1760059272200 0.97816 183
1760059473980 0.97816 184
1760059675803 0.97869 185
1760059877588 0.97904 186
1760060079610 0.97856 187
1760060281624 0.97926 188
1760060483373 0.97951 189
1760060685276 0.97952 190
1760060887016 0.97952 191
1760061089010 0.97951 192
1760061291004 0.97952 193
1760061492950 0.97951 194
1760061694893 0.97951 195
1760061896912 0.97955 196
1760062098855 0.97997 197
1760062300736 0.97979 198
1760062502932 0.97974 199
1760062704691 0.97952 200
1760062906688 0.97906 201
1760063108710 0.97871 202
1760063310562 0.97876 203
1760063512523 0.97885 204
1760063714475 0.97908 205
1760063916289 0.9788 206
1760064118251 0.9787 207
1760064320085 0.97877 208
1760064521923 0.97906 209
1760064723758 0.97903 210
1760064925605 0.97909 211
1760064940315 0.9799679403331913 211
