1760022294413 0.89072 0
1760022497520 0.87973 1
1760022700396 0.87335 2
1760022903014 0.86059 3
1760023105388 0.88375 4
1760023307579 0.90383 5
1760023509791 0.89476 6
1760023712080 0.87424 7
1760023914268 0.91701 8
1760024116357 0.89021 9
1760024318377 0.87062 10
1760024520508 0.9043 11
1760024722766 0.90569 12
1760024925093 0.92073 13
1760025127212 0.91658 14
1760025329447 0.92711 15
1760025531526 0.93394 16
1760025733713 0.92665 17
1760025935943 0.92437 18
1760026138164 0.93394 19
1760026340352 0.92756 20
1760026542468 0.92413 21
1760026744620 0.92621 22
1760026946828 0.93113 23
1760027148949 0.92954 24
1760027351006 0.92711 25
1760027553027 0.94077 26
1760027755131 0.93223 27
1760027957139 0.93485 28
1760028159285 0.93531 29
1760028361507 0.92984 30
1760028563789 0.93849 31
1760028765976 0.9411 32
1760028968174 0.94162 33
1760029170466 0.93759 34
1760029372687 0.93425 35
1760029574848 0.94293 36
1760029777044 0.93895 37
1760029979288 0.94421 38
1760030181476 0.93654 39
1760030383544 0.94214 40
1760030585688 0.9424 41
1760030787733 0.93857 42
1760030989967 0.9427 43
1760031192041 0.94624 44
1760031394096 0.94738 45
1760031596094 0.94715 46
1760031798175 0.94845 47
1760032000290 0.94489 48
1760032202376 0.94123 49
1760032404576 0.95034 50
1760032606767 0.94989 51
1760032808872 0.94305 52
1760033011034 0.95016 53
1760033213160 0.94489 54
1760033415223 0.94849 55
1760033617112 0.94989 56
1760033819271 0.95171 57
1760034021384 0.94134 58
1760034223522 0.9549 59
1760034425661 0.94934 60
1760034627973 0.94624 61
1760034830391 0.94715 62
1760035032555 0.9508 63
1760035234621 0.95016 64
1760035437004 0.94726 65
1760035639239 0.95034 66
1760035841310 0.94715 67
1760036043341 0.95238 68
1760036245443 0.95386 69
1760036447666 0.94897 70
1760036649763 0.95473 71
1760036851606 0.94487 72
1760037053603 0.94346 73
1760037255557 0.95444 74
1760037457432 0.95262 75
1760037659525 0.95308 76
1760037861534 0.95388 77
1760038063415 0.95353 78
1760038265403 0.95399 79
1760038467314 0.95626 80
1760038669445 0.95844 81
1760038871552 0.95613 82
1760039073670 0.96028 83
1760039275842 0.95707 84
1760039477925 0.95763 85
1760039679863 0.95554 86
1760039881903 0.9508 87
1760040084010 0.9508 88
1760040285873 0.95765 89
1760040487962 0.96112 90
1760040690095 0.95718 91
1760040892198 0.96004 92
1760041094294 0.9549 93
1760041296372 0.95512 94
1760041498372 0.95387 95
1760041700514 0.95535 96
1760041902540 0.9549 97
1760042104686 0.96128 98
1760042306651 0.95308 99
1760042508682 0.95785 100
1760042710963 0.95253 101
1760042913139 0.9549 102
1760043115133 0.95097 103
1760043317214 0.95759 104
1760043519186 0.95988 105
1760043721081 0.96085 106
1760043923027 0.95885 107
1760044124907 0.96082 108
1760044327088 0.95953 109
1760044529051 0.95517 110
1760044731092 0.96036 111
1760044933087 0.95034 112
1760045135157 0.95865 113
1760045337335 0.96033 114
1760045539398 0.96078 115
1760045741382 0.95535 116
1760045943460 0.95558 117
1760046145374 0.95034 118
1760046347368 0.94983 119
1760046549443 0.96036 120
1760046751416 0.96036 121
1760046953350 0.95863 122
1760047155263 0.95835 123
1760047357158 0.95747 124
1760047559167 0.95763 125
1760047761051 0.95672 126
1760047962902 0.95793 127
1760048164760 0.95581 128
1760048366940 0.95546 129
1760048568832 0.95382 130
1760048770795 0.95444 131
1760048972793 0.95535 132
1760049174671 0.95567 133
1760049376848 0.95763 134
1760049578800 0.95763 135
1760049780775 0.95854 136
1760049982579 0.95672 137
1760050184462 0.95718 138
1760050386278 0.95809 139
1760050588145 0.95854 140
1760050790109 0.95809 141
1760050992048 0.95718 142
1760051193950 0.95811 143
1760051395931 0.95854 144
1760051598017 0.95941 145
1760051800110 0.959 146
1760052002023 0.9587 147
1760052204011 0.95809 148
1760052406078 0.95877 149
1760052608129 0.95884 150
1760052810044 0.95881 151
1760053012063 0.959 152
1760053213945 0.95945 153
1760053415966 0.959 154
1760053617875 0.95854 155
1760053819898 0.959 156
1760054021957 0.95923 157
1760054224012 0.95877 158
1760054426061 0.95934 159
1760054628050 0.95929 160
1760054829964 0.95945 161
1760055031953 0.95991 162
1760055233907 0.95991 163
1760055435758 0.95984 164
1760055637564 0.95992 165
1760055839625 0.95945 166
1760056041505 0.95917 167
1760056243308 0.95915 168
1760056445227 0.95919 169
1760056647111 0.9592 170
1760056849212 0.95915 171
1760057051013 0.95917 172
1760057252937 0.95915 173
1760057454790 0.95908 174
1760057656537 0.959 175
1760057858382 0.959 176
1760058060308 0.959 177
1760058262214 0.95876 178
1760058464316 0.95889 179
1760058666302 0.959 180
1760058868265 0.959 181
1760059070314 0.959 182
1760059272200 0.95923 183
1760059473980 0.95916 184
1760059675803 0.959 185
1760059877588 0.95945 186
1760060079610 0.95945 187
1760060281624 0.95809 188
1760060483373 0.95818 189
1760060685276 0.95864 190
1760060887016 0.95861 191
1760061089010 0.95847 192
1760061291004 0.95853 193
1760061492950 0.95847 194
1760061694893 0.95846 195
1760061896912 0.95809 196
1760062098855 0.95851 197
1760062300736 0.95854 198
1760062502932 0.95854 199
1760062704691 0.95854 200
1760062906688 0.95858 201
1760063108710 0.95945 202
1760063310562 0.95945 203
1760063512523 0.95945 204
1760063714475 0.9594 205
1760063916289 0.95991 206
1760064118251 0.95991 207
1760064320085 0.95991 208
1760064521923 0.95991 209
1760064723758 0.95991 210
1760064925605 0.95986 211
1760064940315 0.9583413286374562 211
