1760009802513 1.67339 0
1760009808578 1.12746 1
1760009813032 1.07308 2
1760009817494 0.93562 3
1760009821930 0.88496 4
1760009826378 0.81145 5
1760009830772 0.79014 6
1760009835150 0.77878 7
1760009839521 0.76931 8
1760009844004 0.71969 9
1760009848416 0.73215 10
1760009852774 0.68896 11
1760009857127 0.7398 12
1760009861454 0.67882 13
1760009865874 0.66617 14
1760009870228 0.69042 15
1760009874721 0.64279 16
1760009879118 0.62817 17
1760009883476 0.63446 18
1760009887846 0.60618 19
1760009892300 0.62646 20
1760009896667 0.59824 21
1760009901031 0.59465 22
1760009905452 0.60556 23
1760009909820 0.60223 24
1760009914213 0.5603 25
1760009918622 0.5739 26
1760009923090 0.54773 27
1760009927555 0.5824 28
1760009931993 0.56575 29
1760009936362 0.54828 30
1760009940746 0.5432 31
1760009945254 0.55501 32
1760009949682 0.53074 33
1760009954223 0.51694 34
1760009958629 0.52413 35
1760009963110 0.51569 36
1760009967479 0.54113 37
1760009971860 0.51799 38
1760009976272 0.53078 39
1760009981144 0.4967 40
1760009985542 0.47845 41
1760009990219 0.47242 42
1760009994623 0.44596 43
1760009999039 0.44624 44
1760010003488 0.44565 45
1760010007897 0.44499 46
1760010012318 0.4448 47
1760010016810 0.42476 48
1760010021220 0.43142 49
