1760009802513 0.7524 0
1760009808578 0.60795 1
1760009813032 0.56583 2
1760009817494 0.55704 3
1760009821930 0.5304 4
1760009826378 0.47237 5
1760009830772 0.4975 6
1760009835150 0.4653 7
1760009839521 0.50833 8
1760009844004 0.48023 9
1760009848416 0.46573 10
1760009852774 0.45118 11
1760009857127 0.45433 12
1760009861454 0.45753 13
1760009865874 0.45522 14
1760009870228 0.4755 15
1760009874721 0.45111 16
1760009879118 0.42241 17
1760009883476 0.43171 18
1760009887846 0.43213 19
1760009892300 0.4277 20
1760009896667 0.4223 21
1760009901031 0.38678 22
1760009905452 0.41194 23
1760009909820 0.404 24
1760009914213 0.40373 25
1760009918622 0.37253 26
1760009923090 0.38018 27
1760009927555 0.37402 28
1760009931993 0.38132 29
1760009936362 0.39403 30
1760009940746 0.35761 31
1760009945254 0.35968 32
1760009949682 0.3783 33
1760009954223 0.3534 34
1760009958629 0.37892 35
1760009963110 0.34945 36
1760009967479 0.35749 37
1760009971860 0.34613 38
1760009976272 0.36436 39
1760009981144 0.34606 40
1760009985542 0.33241 41
1760009990219 0.31814 42
1760009994623 0.31917 43
1760009999039 0.31831 44
1760010003488 0.31807 45
1760010007897 0.30603 46
1760010012318 0.30798 47
1760010016810 0.31238 48
1760010021220 0.30178 49
