1760009802513 1.09165 0
1760009808578 0.96496 1
1760009813032 0.93374 2
1760009817494 0.9233 3
1760009821930 0.89845 4
1760009826378 0.90008 5
1760009830772 0.87931 6
1760009835150 0.89101 7
1760009839521 0.87588 8
1760009844004 0.86704 9
1760009848416 0.85397 10
1760009852774 0.84812 11
1760009857127 0.84752 12
1760009861454 0.84447 13
1760009865874 0.84003 14
1760009870228 0.85273 15
1760009874721 0.8345 16
1760009879118 0.85175 17
1760009883476 0.83132 18
1760009887846 0.84025 19
1760009892300 0.85719 20
1760009896667 0.84677 21
1760009901031 0.8296 22
1760009905452 0.82637 23
1760009909820 0.83821 24
1760009914213 0.83232 25
1760009918622 0.84951 26
1760009923090 0.83733 27
1760009927555 0.83808 28
1760009931993 0.83438 29
1760009936362 0.82246 30
1760009940746 0.8203 31
1760009945254 0.84632 32
1760009949682 0.83755 33
1760009954223 0.82703 34
1760009958629 0.82398 35
1760009963110 0.81638 36
1760009967479 0.83115 37
1760009971860 0.82052 38
1760009976272 0.83123 39
1760009981144 0.80513 40
1760009985542 0.81374 41
1760009990219 0.78043 42
1760009994623 0.8 43
1760009999039 0.79737 44
1760010003488 0.7952 45
1760010007897 0.80977 46
1760010012318 0.80567 47
1760010016810 0.80232 48
1760010021220 0.78524 49
