1760073313881 1.21374 0
1760073524177 1.20136 1
1760073726701 1.25459 2
1760073929144 1.28517 3
1760074131575 1.25197 4
1760074333644 1.23213 5
1760074535731 1.22328 6
1760074737682 1.19289 7
1760074939831 1.18534 8
1760075143733 1.16428 9
1760075346339 1.16172 10
1760075549229 1.15793 11
1760075752073 1.13505 12
1760075954948 1.13442 13
1760076157889 1.13832 14
1760076360749 1.12372 15
1760076578202 1.11931 16
1760076845300 1.12461 17
1760077071729 1.10565 18
1760077273902 1.10801 19
1760077476543 1.11625 20
1760077678639 1.1068 21
1760077880831 1.095 22
1760078082830 1.08615 23
1760078284882 1.08378 24
1760078493642 1.07517 25
1760078761139 1.08281 26
1760078964477 1.07257 27
1760079168665 1.06912 28
1760079371802 1.06339 29
1760079574322 1.0542 30
1760079776680 1.05721 31
1760079980585 1.05718 32
1760080184442 1.05942 33
1760080386937 1.05852 34
1760080590693 1.0479 35
1760080792377 1.04926 36
1760080994650 1.04366 37
1760081200539 1.03626 38
1760081401418 1.02539 39
1760081602036 1.03478 40
1760081802573 1.02339 41
1760082003060 1.03027 42
1760082203691 1.02087 43
1760082406574 1.01668 44
1760082611443 1.01144 45
1760082812679 1.01456 46
1760083015965 1.01042 47
1760083216681 1.00795 48
1760083417135 1.0037 49
1760083621519 1.00121 50
1760083823861 0.99923 51
1760084029056 0.99035 52
1760084231291 0.99095 53
1760084433786 0.99898 54
1760084636117 0.99115 55
1760084838428 0.97653 56
1760085040719 0.97662 57
1760085243666 0.97225 58
1760085446167 0.97037 59
1760085648454 0.96569 60
1760085850609 0.9673 61
1760086052850 0.95959 62
1760086255000 0.95622 63
1760086457124 0.94779 64
1760086659347 0.9518 65
1760086861448 0.9525 66
1760087063327 0.93867 67
1760087265326 0.93861 68
1760087467556 0.9289 69
1760087669333 0.93689 70
1760087871306 0.92449 71
1760088073115 0.92326 72
1760088275189 0.92271 73
1760088477120 0.92311 74
1760088679051 0.91861 75
1760088881151 0.91254 76
1760089082892 0.91113 77
1760089284681 0.89579 78
1760089486782 0.89469 79
1760089688570 0.90241 80
1760089890385 0.89597 81
1760090092234 0.88469 82
1760090294008 0.8798 83
1760090495760 0.8711 84
1760090697570 0.87636 85
1760090899473 0.87727 86
1760091101324 0.86544 87
1760091303327 0.86439 88
1760091505709 0.86702 89
1760091708062 0.85797 90
1760091909859 0.84238 91
1760092111750 0.84013 92
1760092313503 0.82896 93
1760092515248 0.82515 94
1760092717178 0.81461 95
1760092919139 0.81683 96
1760093120909 0.80714 97
1760093322735 0.80318 98
1760093524370 0.7998 99
