1760073313881 0.91059 0
1760073524177 0.67401 1
1760073726701 0.7599 2
1760073929144 0.78311 3
1760074131575 0.73697 4
1760074333644 0.69804 5
1760074535731 0.68817 6
1760074737682 0.65274 7
1760074939831 0.64494 8
1760075143733 0.62371 9
1760075346339 0.62456 10
1760075549229 0.60348 11
1760075752073 0.58568 12
1760075954948 0.58403 13
1760076157889 0.57506 14
1760076360749 0.56904 15
1760076578202 0.5571 16
1760076845300 0.56203 17
1760077071729 0.55052 18
1760077273902 0.54677 19
1760077476543 0.54148 20
1760077678639 0.54121 21
1760077880831 0.5291 22
1760078082830 0.52321 23
1760078284882 0.51559 24
1760078493642 0.5121 25
1760078761139 0.51078 26
1760078964477 0.5057 27
1760079168665 0.50065 28
1760079371802 0.49488 29
1760079574322 0.4897 30
1760079776680 0.48875 31
1760079980585 0.48547 32
1760080184442 0.4859 33
1760080386937 0.48979 34
1760080590693 0.47964 35
1760080792377 0.48047 36
1760080994650 0.47544 37
1760081200539 0.47112 38
1760081401418 0.46998 39
1760081602036 0.46885 40
1760081802573 0.46556 41
1760082003060 0.46084 42
1760082203691 0.46058 43
1760082406574 0.45244 44
1760082611443 0.45741 45
1760082812679 0.44898 46
1760083015965 0.44692 47
1760083216681 0.44441 48
1760083417135 0.4408 49
1760083621519 0.44334 50
1760083823861 0.43994 51
1760084029056 0.42888 52
1760084231291 0.43156 53
1760084433786 0.43503 54
1760084636117 0.42846 55
1760084838428 0.42533 56
1760085040719 0.42418 57
1760085243666 0.42256 58
1760085446167 0.42042 59
1760085648454 0.41511 60
1760085850609 0.41522 61
1760086052850 0.41512 62
1760086255000 0.40908 63
1760086457124 0.4052 64
1760086659347 0.40626 65
1760086861448 0.40587 66
1760087063327 0.399 67
1760087265326 0.39841 68
1760087467556 0.39132 69
1760087669333 0.39681 70
1760087871306 0.39091 71
1760088073115 0.39038 72
1760088275189 0.38882 73
1760088477120 0.38687 74
1760088679051 0.38459 75
1760088881151 0.3842 76
1760089082892 0.38192 77
1760089284681 0.37392 78
1760089486782 0.37314 79
1760089688570 0.37547 80
1760089890385 0.37173 81
1760090092234 0.36753 82
1760090294008 0.36544 83
1760090495760 0.35866 84
1760090697570 0.36173 85
1760090899473 0.36141 86
1760091101324 0.35509 87
1760091303327 0.35428 88
1760091505709 0.35116 89
1760091708062 0.32444 90
1760091909859 0.31663 91
1760092111750 0.31379 92
1760092313503 0.31218 93
1760092515248 0.30864 94
1760092717178 0.30512 95
1760092919139 0.30609 96
1760093120909 0.30201 97
1760093322735 0.29962 98
1760093524370 0.29615 99
