1760073313881 1.13485 0
1760073524177 1.11518 1
1760073726701 1.16011 2
1760073929144 1.19465 3
1760074131575 1.18524 4
1760074333644 1.17559 5
1760074535731 1.18053 6
1760074737682 1.16475 7
1760074939831 1.14944 8
1760075143733 1.13497 9
1760075346339 1.13823 10
1760075549229 1.1316 11
1760075752073 1.12718 12
1760075954948 1.12666 13
1760076157889 1.12613 14
1760076360749 1.11236 15
1760076578202 1.11203 16
1760076845300 1.10741 17
1760077071729 1.09658 18
1760077273902 1.10891 19
1760077476543 1.11608 20
1760077678639 1.10981 21
1760077880831 1.10088 22
1760078082830 1.09423 23
1760078284882 1.09384 24
1760078493642 1.08822 25
1760078761139 1.09854 26
1760078964477 1.0858 27
1760079168665 1.09179 28
1760079371802 1.08027 29
1760079574322 1.08304 30
1760079776680 1.07999 31
1760079980585 1.08855 32
1760080184442 1.07667 33
1760080386937 1.07014 34
1760080590693 1.07231 35
1760080792377 1.07542 36
1760080994650 1.06698 37
1760081200539 1.06619 38
1760081401418 1.0586 39
1760081602036 1.06251 40
1760081802573 1.05902 41
1760082003060 1.05883 42
1760082203691 1.05979 43
1760082406574 1.06177 44
1760082611443 1.05782 45
1760082812679 1.05604 46
1760083015965 1.05641 47
1760083216681 1.05873 48
1760083417135 1.05456 49
1760083621519 1.05191 50
1760083823861 1.04912 51
1760084029056 1.0434 52
1760084231291 1.03995 53
1760084433786 1.0488 54
1760084636117 1.05428 55
1760084838428 1.03934 56
1760085040719 1.03487 57
1760085243666 1.03195 58
1760085446167 1.03557 59
1760085648454 1.03716 60
1760085850609 1.03748 61
1760086052850 1.03365 62
1760086255000 1.03334 63
1760086457124 1.03261 64
1760086659347 1.02994 65
1760086861448 1.03531 66
1760087063327 1.02556 67
1760087265326 1.0256 68
1760087467556 1.01807 69
1760087669333 1.02068 70
1760087871306 1.01634 71
1760088073115 1.01169 72
1760088275189 1.01444 73
1760088477120 1.00852 74
1760088679051 1.01277 75
1760088881151 1.00867 76
1760089082892 1.00852 77
1760089284681 1.00256 78
1760089486782 0.99961 79
1760089688570 1.00352 80
1760089890385 1.00196 81
1760090092234 0.99892 82
1760090294008 0.9985 83
1760090495760 0.99436 84
1760090697570 0.99409 85
1760090899473 0.9963 86
1760091101324 0.99098 87
1760091303327 0.99097 88
1760091505709 0.98665 89
1760091708062 0.98566 90
1760091909859 0.98194 91
1760092111750 0.97779 92
1760092313503 0.9793 93
1760092515248 0.97494 94
1760092717178 0.96652 95
1760092919139 0.97204 96
1760093120909 0.9692 97
1760093322735 0.96753 98
1760093524370 0.96886 99
