1760009804930 0.96966 0
1760009809432 0.99053 1
1760009813907 0.98821 2
1760009818320 0.97255 3
1760009822784 0.98102 4
1760009827190 0.97178 5
1760009831565 0.9755 6
1760009835933 0.97727 7
1760009840433 0.97953 8
1760009844842 0.97941 9
1760009849179 0.98423 10
1760009853552 0.98325 11
1760009857874 0.97769 12
1760009862291 0.97672 13
1760009866630 0.97062 14
1760009871136 0.97673 15
1760009875529 0.97953 16
1760009879886 0.98342 17
1760009884238 0.9829 18
1760009888709 0.98398 19
1760009893071 0.98029 20
1760009897435 0.97786 21
1760009901837 0.97739 22
1760009906222 0.97698 23
1760009910613 0.97709 24
1760009915020 0.97756 25
1760009919471 0.9776 26
1760009923952 0.97813 27
1760009928387 0.97933 28
1760009932754 0.97971 29
1760009937120 0.97709 30
1760009941645 0.97754 31
1760009946054 0.97739 32
1760009950612 0.97705 33
1760009954998 0.9775 34
1760009959498 0.97766 35
1760009963863 0.97729 36
1760009968246 0.97689 37
1760009972620 0.97831 38
1760009977053 0.97867 39
1760009981928 0.97886 40
1760009986589 0.97829 41
1760009990992 0.97744 42
1760009995404 0.97687 43
1760009999869 0.97693 44
1760010004280 0.97634 45
1760010008663 0.97654 46
1760010013194 0.97661 47
1760010017570 0.97508 48
1760010022016 0.97515 49
1760010028644 0.9857179487179488 49
