1760009804930 0.68754 0
1760009809432 0.7241 1
1760009813907 0.7349 2
1760009818320 0.77067 3
1760009822784 0.77081 4
1760009827190 0.76562 5
1760009831565 0.7672 6
1760009835933 0.76952 7
1760009840433 0.78605 8
1760009844842 0.80489 9
1760009849179 0.80292 10
1760009853552 0.77761 11
1760009857874 0.79065 12
1760009862291 0.81412 13
1760009866630 0.80833 14
1760009871136 0.81898 15
1760009875529 0.80511 16
1760009879886 0.81078 17
1760009884238 0.80733 18
1760009888709 0.82004 19
1760009893071 0.81532 20
1760009897435 0.81703 21
1760009901837 0.81222 22
1760009906222 0.80387 23
1760009910613 0.8197 24
1760009915020 0.80917 25
1760009919471 0.82872 26
1760009923952 0.83553 27
1760009928387 0.8398 28
1760009932754 0.82285 29
1760009937120 0.82931 30
1760009941645 0.84176 31
1760009946054 0.83532 32
1760009950612 0.84711 33
1760009954998 0.845 34
1760009959498 0.84897 35
1760009963863 0.84266 36
1760009968246 0.83334 37
1760009972620 0.84433 38
1760009977053 0.84796 39
1760009981928 0.8429 40
1760009986589 0.84964 41
1760009990992 0.83533 42
1760009995404 0.84467 43
1760009999869 0.85404 44
1760010004280 0.85192 45
1760010008663 0.85118 46
1760010013194 0.86023 47
1760010017570 0.85789 48
1760010022016 0.85661 49
1760010028644 0.837863758363653 49
