1760009804930 0.97284 0
1760009809432 1.0 1
1760009813907 0.97337 2
1760009818320 0.96856 3
1760009822784 0.94844 4
1760009827190 0.92007 5
1760009831565 0.96729 6
1760009835933 0.97358 7
1760009840433 0.94402 8
1760009844842 0.98986 9
1760009849179 0.97532 10
1760009853552 0.98009 11
1760009857874 0.98599 12
1760009862291 0.96421 13
1760009866630 0.94981 14
1760009871136 0.96343 15
1760009875529 0.96217 16
1760009879886 0.96406 17
1760009884238 0.94983 18
1760009888709 0.95951 19
1760009893071 1.0 20
1760009897435 0.98197 21
1760009901837 0.99928 22
1760009906222 0.94701 23
1760009910613 0.94537 24
1760009915020 0.94652 25
1760009919471 0.94978 26
1760009923952 0.94995 27
1760009928387 0.94662 28
1760009932754 0.94814 29
1760009937120 0.94765 30
1760009941645 0.94709 31
1760009946054 0.94973 32
1760009950612 0.94867 33
1760009954998 0.96167 34
1760009959498 0.96223 35
1760009963863 0.94967 36
1760009968246 0.96577 37
1760009972620 0.97412 38
1760009977053 0.99922 39
1760009981928 0.99357 40
1760009986589 0.99059 41
1760009990992 0.99203 42
1760009995404 0.99504 43
1760009999869 1.0 44
1760010004280 0.96566 45
1760010008663 0.96776 46
1760010013194 0.96909 47
1760010017570 0.96936 48
1760010022016 0.96916 49
1760010028644 0.9635153265967219 49
