1760009804930 0.9187 0
1760009809432 0.94093 1
1760009813907 0.93748 2
1760009818320 0.94872 3
1760009822784 0.94338 4
1760009827190 0.97436 5
1760009831565 0.92308 6
1760009835933 0.94493 7
1760009840433 0.97436 8
1760009844842 0.94872 9
1760009849179 0.94872 10
1760009853552 0.94872 11
1760009857874 0.94872 12
1760009862291 0.94872 13
1760009866630 0.97059 14
1760009871136 0.94872 15
1760009875529 0.94872 16
1760009879886 0.94872 17
1760009884238 0.97096 18
1760009888709 0.97436 19
1760009893071 0.96697 20
1760009897435 0.94872 21
1760009901837 0.94872 22
1760009906222 0.97436 23
1760009910613 0.97436 24
1760009915020 0.97436 25
1760009919471 0.96989 26
1760009923952 0.97339 27
1760009928387 0.97436 28
1760009932754 0.97436 29
1760009937120 0.97436 30
1760009941645 0.97436 31
1760009946054 0.97436 32
1760009950612 0.94872 33
1760009954998 0.94872 34
1760009959498 0.94872 35
1760009963863 0.96783 36
1760009968246 0.94872 37
1760009972620 0.96512 38
1760009977053 0.94872 39
1760009981928 0.94872 40
1760009986589 0.94872 41
1760009990992 0.94872 42
1760009995404 0.94872 43
1760009999869 0.94673 44
1760010004280 0.94872 45
1760010008663 0.94872 46
1760010013194 0.94872 47
1760010017570 0.94872 48
1760010022016 0.94872 49
1760010028644 0.9743589743589743 49
