1759997301930 0.11103 0
1759997505825 0.48855 1
1759997708373 0.57433 2
1759997910459 0.59065 3
1759998112564 0.59813 4
1759998314655 0.62629 5
1759998516629 0.62563 6
1759998718651 0.64449 7
1759998921149 0.61888 8
1759999123034 0.61866 9
1759999324828 0.64289 10
1759999526905 0.64908 11
1759999728606 0.64371 12
1759999930478 0.65413 13
1760000132386 0.65991 14
1760000334151 0.64853 15
1760001810470 0.66538 16
1760002012144 0.66689 17
1760002213950 0.66274 18
1760002415692 0.67166 19
1760002617333 0.67356 20
1760002819064 0.67355 21
1760003020890 0.67634 22
1760003222994 0.68747 23
1760003425022 0.66645 24
1760003626732 0.6846 25
1760003828318 0.68934 26
1760004029937 0.68923 27
1760004231320 0.6827 28
1760004432905 0.6953 29
1760004634466 0.68942 30
1760004836602 0.69551 31
1760005038602 0.69783 32
1760005240214 0.69796 33
1760005441976 0.70148 34
1760005643466 0.70062 35
1760005844873 0.69945 36
1760006046207 0.70284 37
1760006247466 0.70357 38
1760006448853 0.70462 39
1760006650265 0.70889 40
1760006851323 0.70753 41
1760007052268 0.70828 42
1760007253307 0.71111 43
1760007454436 0.70965 44
1760007655689 0.71419 45
1760007856633 0.713 46
1760008057671 0.71491 47
1760008258979 0.71557 48
1760008460113 0.71725 49
1760008474932 0.7168227302106985 49
