1759997301930 0.21076 0
1759997505825 0.78448 1
1759997708373 0.8916 2
1759997910459 0.90504 3
1759998112564 0.91984 4
1759998314655 0.93865 5
1759998516629 0.93683 6
1759998718651 0.94933 7
1759998921149 0.94223 8
1759999123034 0.92628 9
1759999324828 0.94911 10
1759999526905 0.95257 11
1759999728606 0.94436 12
1759999930478 0.95634 13
1760000132386 0.95129 14
1760000334151 0.95071 15
1760001810470 0.95976 16
1760002012144 0.95968 17
1760002213950 0.95626 18
1760002415692 0.9621 19
1760002617333 0.96198 20
1760002819064 0.96534 21
1760003020890 0.96497 22
1760003222994 0.96758 23
1760003425022 0.95696 24
1760003626732 0.96871 25
1760003828318 0.9668 26
1760004029937 0.97059 27
1760004231320 0.96701 28
1760004432905 0.97023 29
1760004634466 0.96834 30
1760004836602 0.96799 31
1760005038602 0.97411 32
1760005240214 0.97224 33
1760005441976 0.97246 34
1760005643466 0.97324 35
1760005844873 0.97207 36
1760006046207 0.97268 37
1760006247466 0.97216 38
1760006448853 0.97264 39
1760006650265 0.97414 40
1760006851323 0.97463 41
1760007052268 0.97451 42
1760007253307 0.97595 43
1760007454436 0.9774 44
1760007655689 0.97574 45
1760007856633 0.97385 46
1760008057671 0.97639 47
1760008258979 0.97562 48
1760008460113 0.97621 49
1760008474932 0.9762031799183363 49
