1759997301930 0.53879 0
1759997505825 0.83514 1
1759997708373 0.93226 2
1759997910459 0.92283 3
1759998112564 0.94001 4
1759998314655 0.9604 5
1759998516629 0.95972 6
1759998718651 0.96622 7
1759998921149 0.96251 8
1759999123034 0.93997 9
1759999324828 0.94096 10
1759999526905 0.9754 11
1759999728606 0.95677 12
1759999930478 0.96424 13
1760000132386 0.96362 14
1760000334151 0.9671 15
1760001810470 0.97498 16
1760002012144 0.96929 17
1760002213950 0.97597 18
1760002415692 0.97256 19
1760002617333 0.97997 20
1760002819064 0.97498 21
1760003020890 0.97776 22
1760003222994 0.9795 23
1760003425022 0.95592 24
1760003626732 0.97155 25
1760003828318 0.97603 26
1760004029937 0.97122 27
1760004231320 0.98365 28
1760004432905 0.98273 29
1760004634466 0.98505 30
1760004836602 0.9728 31
1760005038602 0.98708 32
1760005240214 0.97914 33
1760005441976 0.97892 34
1760005643466 0.9795 35
1760005844873 0.98148 36
1760006046207 0.98519 37
1760006247466 0.98472 38
1760006448853 0.97647 39
1760006650265 0.98415 40
1760006851323 0.98239 41
1760007052268 0.98387 42
1760007253307 0.9908 43
1760007454436 0.982 44
1760007655689 0.98395 45
1760007856633 0.98534 46
1760008057671 0.98145 47
1760008258979 0.98663 48
1760008460113 0.98806 49
1760008474932 0.9880641989818397 49
