1759997301930 0.21458 0
1759997505825 0.70852 1
1759997708373 0.83391 2
1759997910459 0.83964 3
1759998112564 0.87699 4
1759998314655 0.89476 5
1759998516629 0.90615 6
1759998718651 0.89021 7
1759998921149 0.90524 8
1759999123034 0.89248 9
1759999324828 0.90615 10
1759999526905 0.91116 11
1759999728606 0.90737 12
1759999930478 0.91708 13
1760000132386 0.91845 14
1760000334151 0.91708 15
1760001810470 0.9221 16
1760002012144 0.92022 17
1760002213950 0.91845 18
1760002415692 0.93257 19
1760002617333 0.92255 20
1760002819064 0.92711 21
1760003020890 0.92136 22
1760003222994 0.93584 23
1760003425022 0.93895 24
1760003626732 0.93394 25
1760003828318 0.92736 26
1760004029937 0.93767 27
1760004231320 0.93174 28
1760004432905 0.93332 29
1760004634466 0.93065 30
1760004836602 0.93576 31
1760005038602 0.92938 32
1760005240214 0.94099 33
1760005441976 0.94077 34
1760005643466 0.93594 35
1760005844873 0.94159 36
1760006046207 0.93934 37
1760006247466 0.93961 38
1760006448853 0.94544 39
1760006650265 0.93759 40
1760006851323 0.94351 41
1760007052268 0.94507 42
1760007253307 0.94077 43
1760007454436 0.94761 44
1760007655689 0.94214 45
1760007856633 0.94624 46
1760008057671 0.94897 47
1760008258979 0.94101 48
1760008460113 0.94281 49
1760008474932 0.9428423952510682 49
